Stations_ID, Mess_Datum, Qualitaets_Niveau, BEDECKUNGSGRAD,REL_FEUCHTE,DAMPFDRUCK,LUFTTEMPERATUR,LUFTDRUCK_STATIONSHOEHE, WINDGESCHWINDIGKEIT, LUFTTEMP_AM_ERDB_MINIMUM,LUFTTEMPERATUR_MINIMUM,LUFTTEMPERATUR_MAXIMUM, WINDSPITZE_MAXIMUM, NIEDERSCHLAGSHOEHE_IND,NIEDERSCHLAGSHOEHE,SONNENSCHEINDAUER, SCHNEEHOEHE,eor
     3015,20121011,   3,   5.0,   91.46,   9.2,    7.1, 1001.81,   2.5,    2.7,    4.6,   12.1,   6.4,   6,   0.0,    2.383,   0,eor
     3015,20121012,   3,   4.5,   83.92,   8.7,    7.6,  998.27,   3.2,    0.7,    1.8,   13.0,   8.1,   6,   2.3,    7.433,   0,eor
     3015,20121013,   3,   3.7,   78.71,   9.3,    9.6,  998.58,   3.7,    5.1,    6.5,   13.8,   9.4,   6,   0.0,    9.383,   0,eor
     3015,20121014,   3,   6.4,   71.42,   8.4,    9.6,  990.92,   3.7,    5.7,    7.1,   13.2,  13.3,   0,   0.0,    5.883,   0,eor
     3015,20121015,   3,   6.7,   80.83,   9.6,    9.5,  991.06,   3.7,    2.8,    4.9,   13.0,  11.7,   6,   0.1,    0.000,   0,eor
     3015,20121016,   3,   3.3,   79.17,   8.1,    7.6,  998.43,   2.7,    0.8,    2.8,   13.5,   8.0,   6,   0.0,    8.500,   0,eor
     3015,20121017,   3,   4.6,   76.96,   9.3,    9.9, 1001.35,   2.9,    1.4,    4.6,   14.7,   8.4,   0,   0.0,    7.767,   0,eor
     3015,20121018,   3,   3.2,   74.08,  11.2,   13.4, 1002.36,   2.8,    6.5,    8.6,   20.4,   8.6,   0,   0.0,    8.500,   0,eor
     3015,20121019,   3,   0.9,   77.54,  12.6,   14.4, 1003.28,   2.6,    5.6,    9.1,   21.4,   7.2,   0,   0.0,    9.300,   0,eor
     3015,20121020,   3,   2.2,   83.50,  13.0,   13.7, 1004.86,   2.2,    6.1,    8.6,   20.5,   5.0,   0,   0.0,    8.350,   0,eor
     3015,20121021,   3,   3.0,   88.00,  14.1,   14.1, 1006.95,   2.0,    6.5,    9.0,   20.1,   7.1,   6,   0.0,    8.283,   0,eor
     3015,20121022,   3,   8.0,   93.46,  13.0,   11.9, 1011.75,   2.2,   11.0,   11.1,   12.7,   7.1,   6,   0.1,    0.000,   0,eor
     3015,20121023,   3,   7.7,   89.54,  12.1,   11.5, 1013.40,   1.5,    7.6,    9.7,   13.0,   4.8,   6,   0.0,    0.000,   0,eor
     3015,20121024,   3,   7.5,   86.67,  11.2,   10.8, 1007.51,   1.4,    7.3,    8.7,   13.3,   3.9,   6,   0.0,    0.517,   0,eor
     3015,20121025,   3,   7.2,   86.50,  10.3,    9.5,  998.05,   4.4,    5.1,    6.3,   12.0,  12.0,   6,   2.5,    1.550,   0,eor
     3015,20121026,   3,   4.9,   62.29,   4.9,    3.6,  997.83,   2.7,   -1.4,    0.6,    7.0,  11.6,   0,   0.0,    7.633,   0,eor
     3015,20121027,   3,   7.9,   73.25,   5.2,    2.1,  990.82,   2.4,   -0.2,    0.7,    3.7,   7.6,   6,   0.0,    0.000,   0,eor
     3015,20121028,   3,   3.4,   82.08,   5.5,    1.5, 1000.20,   2.0,   -5.2,   -2.6,    7.3,   6.0,   0,   0.0,    5.167,   0,eor
     3015,20121029,   3,   3.6,   88.46,   5.6,    0.6, 1001.61,   2.1,   -5.9,   -3.4,    6.4,   7.2,   8,   0.0,    8.617,   0,eor
     3015,20121030,   3,   7.8,   96.67,   7.2,    2.5,  991.09,   3.2,   -0.6,   -0.4,    4.9,   8.0,   8,   0.8,    0.000,   0,eor
     3015,20121031,   3,   4.3,   88.08,   7.4,    4.5,  991.76,   2.6,   -1.4,   -0.1,   10.1,   7.5,   0,   0.0,    6.817,   0,eor
     3015,20121101,   3,   7.2,   90.54,   7.8,    4.8,  980.48,   3.8,    0.8,    1.7,    6.3,  11.2,   6,   7.2,    0.000,   0,eor
     3015,20121102,   3,   4.3,   78.33,   7.8,    7.0,  986.90,   4.2,    1.8,    4.1,   10.2,  15.6,   6,   2.3,    4.867,   0,eor
     3015,20121103,   3,   6.8,   86.63,   8.9,    7.4,  989.16,   4.1,    4.0,    5.4,    9.6,  10.3,   6,   2.2,    1.283,   0,eor
     3015,20121104,   3,   7.4,   86.92,   9.0,    7.5,  990.50,   3.1,    3.4,    5.8,   10.3,   8.6,   6,   3.8,    1.500,   0,eor
     3015,20121105,   3,   7.1,   84.96,   8.9,    7.7,  986.20,   5.0,    4.4,    5.5,   10.2,  16.2,   6,   1.4,    0.633,   0,eor
     3015,20121106,   3,   6.7,   79.54,   7.1,    5.4,  997.45,   5.6,    2.6,    4.0,    7.2,  12.9,   6,   0.6,    2.367,   0,eor
     3015,20121107,   3,   7.7,   88.79,   9.7,    8.2, 1001.80,   6.6,    4.2,    5.0,   10.3,  15.9,   6,   2.2,    1.067,   0,eor
     3015,20121108,   3,   7.9,   75.46,   8.4,    8.5, 1003.07,   6.2,    6.7,    7.8,    9.6,  14.5,   6,   0.1,    0.000,   0,eor
     3015,20121109,   3,   6.8,   83.75,   9.1,    8.2, 1003.25,   3.4,    3.6,    5.9,   11.5,  10.1,   6,   0.0,    1.050,   0,eor
     3015,20121110,   3,   6.7,   82.25,   8.3,    7.2,  995.07,   2.9,    3.1,    4.5,   10.9,   8.3,   6,   1.7,    2.233,   0,eor
     3015,20121111,   3,   7.3,   91.00,   9.9,    8.2,  997.37,   2.6,    5.4,    6.6,   10.2,   6.9,   6,   4.1,    0.083,   0,eor
     3015,20121112,   3,   4.9,   89.50,   8.6,    6.4, 1010.80,   2.6,   -0.5,    3.0,    8.8,   7.7,   0,   0.0,    4.167,   0,eor
     3015,20121113,   3,   1.5,   84.33,   7.1,    4.5, 1019.51,   2.1,   -1.8,    1.3,    9.4,   5.4,   0,   0.0,    8.133,   0,eor
     3015,20121114,   3,   0.9,   78.75,   6.0,    3.2, 1018.67,   2.6,   -1.9,    0.1,    8.0,   5.4,   0,   0.0,    8.100,   0,eor
     3015,20121115,   3,   4.6,   96.58,   5.5,   -0.9, 1012.15,   1.9,   -3.5,   -3.6,    2.7,   5.1,   0,   0.0,    3.950,   0,eor
     3015,20121116,   3,   8.0,   99.71,   5.8,   -0.8, 1008.41,   1.7,   -1.7,   -2.4,    0.8,   5.5,   0,   0.0,    0.000,   0,eor
     3015,20121117,   3,   6.8,   99.33,   6.6,    1.0, 1001.55,   2.4,   -2.5,   -1.1,    4.4,   6.0,   0,   0.0,    1.683,   0,eor
     3015,20121118,   3,   7.7,   96.17,   7.6,    3.6, 1000.12,   2.6,   -2.0,   -1.0,    6.0,   7.7,   6,   0.3,    0.000,   0,eor
     3015,20121119,   3,   7.0,   97.38,   9.0,    5.9, 1007.10,   2.2,    2.2,    3.8,    6.9,   6.1,   0,   0.0,    0.000,   0,eor
     3015,20121120,   3,   6.0,   98.38,   7.6,    3.2, 1008.56,   2.5,    0.6,    0.5,    5.0,   5.7,   6,   0.0,    0.000,   0,eor
     3015,20121121,   3,   8.0,   99.38,   8.1,    4.1, 1006.52,   3.0,    2.6,    2.1,    5.8,   8.0,   6,   0.0,    0.000,   0,eor
     3015,20121122,   3,   5.0,   91.13,   8.1,    5.4, 1009.27,   3.2,   -0.6,    1.6,    9.8,   8.4,   0,   0.0,    2.550,   0,eor
     3015,20121123,   3,   4.9,   93.21,   7.7,    4.1, 1008.13,   2.7,   -1.7,    0.8,    8.4,   6.7,   6,   1.0,    4.400,   0,eor
     3015,20121124,   3,   8.0,   95.25,   9.0,    6.2, 1007.07,   2.0,    4.5,    5.4,    6.9,   6.6,   6,   1.8,    0.000,   0,eor
     3015,20121125,   3,   6.0,   84.88,   8.8,    7.5, 1000.30,   4.1,    4.2,    5.3,   10.9,   9.6,   6,   0.0,    0.000,   0,eor
     3015,20121126,   3,   4.3,   83.21,   7.6,    5.7,  997.46,   3.1,   -0.6,    2.0,    8.5,   7.3,   6,   0.5,    4.383,   0,eor
     3015,20121127,   3,   7.8,   95.83,   9.6,    6.9,  993.16,   2.1,    1.5,    3.3,    8.2,   6.2,   6,   0.4,    0.000,   0,eor
     3015,20121128,   3,   8.0,   96.04,   8.6,    5.3,  990.67,   2.2,    2.9,    4.0,    6.1,   7.2,   6,   8.4,    0.000,   0,eor
     3015,20121129,   3,   8.0,   95.58,   7.4,    3.3,  982.30,   4.4,    1.7,    1.7,    4.8,  12.0,   8,  27.7,    0.000,   0,eor
     3015,20121130,   3,   7.3,   96.88,   6.6,    1.5,  991.47,   3.8,   -2.1,   -1.3,    2.9,  10.9,   8,   2.1,    0.000,   0,eor
     3015,20121201,   3,   5.8,   90.75,   5.3,   -0.6,  999.10,   3.0,   -4.3,   -2.4,    0.6,   8.0,   7,   0.0,    0.100,   0,eor
     3015,20121202,   3,   7.3,   87.50,   5.1,   -0.7,  996.90,   2.0,   -3.1,   -2.2,    1.5,   5.2,   7,   0.1,    4.117,   0,eor
     3015,20121203,   3,   5.9,   88.13,   5.1,   -0.7,  997.79,   3.1,   -3.1,   -2.1,    0.4,   7.4,   7,   1.0,    4.800,   0,eor
     3015,20121204,   3,   7.7,   92.17,   6.3,    1.4,  982.93,   4.6,   -0.8,   -0.7,    3.3,  11.5,   8,   1.7,    0.050,   2,eor
     3015,20121205,   3,   4.2,   88.04,   4.7,   -1.9,  986.43,   5.0,   -7.3,   -5.5,    2.3,  15.3,   7,   0.5,    3.867,   1,eor
     3015,20121206,   3,   5.8,   93.88,   4.4,   -3.6,  994.18,   3.6,  -11.8,   -7.6,   -1.3,  11.7,   7,   2.4,    0.300,   1,eor
     3015,20121207,   3,   1.3,   92.25,   3.7,   -5.8,  999.10,   2.9,  -12.3,   -8.5,   -2.3,   5.7,   0,   0.0,    6.883,   9,eor
     3015,20121208,   3,   4.6,   92.88,   3.5,   -6.6, 1005.91,   2.7,  -14.7,  -10.3,   -4.3,   6.8,   7,   0.0,    3.083,   8,eor
     3015,20121209,   3,   8.0,   94.71,   4.5,   -3.4,  999.12,   3.7,   -6.0,   -6.3,    0.1,   9.6,   7,   5.1,    0.150,   8,eor
     3015,20121210,   3,   8.0,   97.46,   5.4,   -1.4,  991.84,   2.7,   -4.9,   -4.6,    0.6,   7.9,   7,   2.8,    0.000,  14,eor
     3015,20121211,   3,   8.0,   95.42,   4.7,   -3.0, 1003.15,   4.8,   -7.0,   -5.3,   -1.1,  11.3,   7,   1.7,    0.000,  18,eor
     3015,20121212,   3,   5.5,   92.50,   3.8,   -5.5, 1006.77,   2.8,  -11.7,   -7.9,   -3.3,   8.0,   7,   0.2,    4.733,  21,eor
     3015,20121213,   3,   7.1,   94.71,   4.1,   -4.7, 1003.05,   2.8,   -7.5,   -6.1,   -2.6,   7.7,   7,   0.0,    0.000,  21,eor
     3015,20121214,   3,   7.3,   85.25,   4.2,   -2.9,  996.48,   4.3,   -7.7,   -6.2,   -0.2,  10.5,   8,   3.3,    0.017,  17,eor
     3015,20121215,   3,   8.0,   96.25,   6.7,    1.7,  990.47,   3.3,   -1.6,   -0.9,    3.3,   8.5,   6,   0.9,    0.000,  14,eor
     3015,20121216,   3,   6.5,   99.83,   7.2,    2.2,  993.62,   2.7,   -0.2,    0.7,    3.4,   4.9,   6,   2.0,    0.250,   9,eor
     3015,20121217,   3,   7.4,   99.46,   7.2,    2.3,  994.33,   2.3,   -0.2,    1.3,    3.3,   4.3,   6,   0.1,    0.000,   8,eor
     3015,20121218,   3,   7.6,   98.46,   7.1,    2.4,  999.31,   2.4,    0.7,    1.4,    3.3,   4.6,   6,   2.5,    0.000,   4,eor
     3015,20121219,   3,   8.0,  100.00,   6.9,    1.6, 1009.90,   1.5,    0.8,    0.8,    2.1,   4.4,   6,   0.9,    0.000,   0,eor
     3015,20121220,   3,   8.0,   97.67,   6.1,    0.2, 1009.64,   3.3,   -1.8,   -1.9,    1.2,   9.8,   6,   0.0,    0.000,   0,eor
     3015,20121221,   3,   8.0,   89.13,   4.1,   -3.9, 1004.35,   3.3,   -4.3,   -4.8,   -1.9,   8.4,   7,   0.0,    0.000,   0,eor
     3015,20121222,   3,   8.0,   90.79,   4.2,   -3.7, 1005.99,   3.8,   -4.1,   -4.3,   -2.8,  10.0,   8,   0.4,    0.000,   0,eor
     3015,20121223,   3,   8.0,   95.92,   5.4,   -1.4,  996.08,   4.6,   -3.4,   -3.3,    4.8,  10.7,   8,   8.7,    0.000,   1,eor
     3015,20121224,   3,   8.0,   98.75,   9.2,    5.9,  994.03,   3.7,    2.2,    4.4,    8.0,   9.4,   0,   0.0,    0.000,   0,eor
     3015,20121225,   3,   7.6,   75.25,   8.7,    9.2,  988.19,   5.4,    4.9,    6.7,   12.7,  16.8,   6,   0.0,    0.133,   0,eor
     3015,20121226,   3,   5.1,   83.04,   8.1,    6.6,  993.11,   5.5,    2.1,    3.6,    9.1,  11.6,   6,   4.1,    0.950,   0,eor
     3015,20121227,   3,   6.3,   83.71,   7.9,    6.2,  990.47,   5.6,   -1.6,    1.9,    9.3,  17.4,   6,   0.3,    2.500,   0,eor
     3015,20121228,   3,   3.9,   82.21,   4.8,   -0.7, 1010.93,   3.1,   -6.2,   -3.4,    3.7,   8.4,   0,   0.0,    6.000,   0,eor
     3015,20121229,   3,   6.9,   82.13,   6.3,    3.1, 1006.55,   3.6,   -1.2,   -0.9,    7.8,   8.3,   0,   0.0,    0.617,   0,eor
     3015,20121230,   3,   5.3,   74.29,   6.7,    5.4, 1000.77,   5.1,    1.4,    2.6,    9.2,  13.0,   6,   0.1,    2.217,   0,eor
     3015,20121231,   3,   6.8,   74.96,   7.5,    6.9, 1000.74,   6.5,    2.4,    4.0,    8.9,  15.8,   6,   0.0,    0.667,   0,eor
     3015,20130101,   3,   7.2,   73.46,   7.1,    6.4,  992.50,   5.4,    2.2,    3.8,    8.2,  11.6,   6,   0.7,    0.000,   0,eor
     3015,20130102,   3,   6.7,   88.38,   7.4,    4.3, 1004.51,   5.7,    2.4,    3.5,    5.2,  12.3,   6,   1.0,    0.183,   0,eor
     3015,20130103,   3,   7.7,   90.63,   8.9,    6.6, 1009.25,   7.4,    3.0,    3.4,    9.6,  15.4,   6,   1.9,    0.000,   0,eor
     3015,20130104,   3,   7.3,   89.54,   9.5,    7.7, 1010.91,   7.0,    5.0,    6.0,    9.2,  14.8,   6,   3.0,    0.033,   0,eor
     3015,20130105,   3,   7.7,   94.21,   8.8,    5.8, 1012.32,   2.9,    1.5,    3.4,    8.1,   9.7,   6,   0.2,    0.000,   0,eor
     3015,20130106,   3,   8.0,   98.42,   8.8,    5.3, 1009.47,   3.4,    3.6,    3.9,    6.1,  10.2,   6,   1.9,    0.000,   0,eor
     3015,20130107,   3,   7.7,   93.04,   6.6,    1.9, 1013.71,   2.4,    0.2,    0.5,    4.9,   6.0,   6,   2.5,    0.033,   0,eor
     3015,20130108,   3,   8.0,   98.71,   8.0,    3.8, 1008.83,   3.2,    0.4,    0.3,    6.1,   7.4,   6,   4.3,    0.000,   0,eor
     3015,20130109,   3,   8.0,   99.00,   9.3,    6.0, 1003.49,   3.3,    4.8,    5.2,    6.4,  13.4,   6,   4.8,    0.000,   0,eor
     3015,20130110,   3,   7.9,   93.75,   6.9,    2.5,  993.09,   5.4,   -1.0,   -0.8,    5.2,  15.4,   8,   4.8,    0.000,   0,eor
     3015,20130111,   3,   7.2,   93.00,   5.1,   -1.6,  998.19,   4.1,   -6.6,   -4.0,   -0.8,   9.8,   7,   0.2,    1.017,   4,eor
     3015,20130112,   3,   7.0,   95.00,   4.8,   -2.5, 1003.50,   3.5,   -6.5,   -4.3,   -1.2,   8.6,   7,   0.8,    0.000,   4,eor
     3015,20130113,   3,   7.8,   90.08,   4.0,   -4.3, 1006.75,   1.7,   -9.3,   -6.8,   -3.0,   6.8,   7,   0.3,    0.533,   5,eor
     3015,20130114,   3,   6.5,   93.67,   3.7,   -6.1, 1002.72,   2.4,  -10.6,   -9.2,   -4.6,   7.6,   7,   0.6,    0.000,   4,eor
     3015,20130115,   3,   7.5,   96.63,   4.1,   -4.8,  997.63,   1.9,  -13.0,   -8.4,   -3.0,   6.6,   7,   0.2,    0.000,   5,eor
     3015,20130116,   3,   8.0,   93.50,   4.0,   -4.8,  996.92,   2.1,   -6.6,   -5.4,   -4.0,   5.6,   7,   0.0,    0.000,   6,eor
     3015,20130117,   3,   7.3,   88.83,   4.3,   -3.1, 1001.27,   2.5,   -9.1,   -5.5,   -1.3,   8.9,   0,   0.0,    0.067,   6,eor
     3015,20130118,   3,   8.0,   83.38,   3.7,   -4.4, 1000.49,   2.5,   -6.3,   -6.2,   -2.9,   8.1,   7,   0.1,    0.000,   5,eor
     3015,20130119,   3,   6.5,   84.58,   2.9,   -7.5,  992.50,   2.7,  -12.6,   -9.5,   -6.2,   7.9,   7,   0.0,    1.350,   5,eor
     3015,20130120,   3,   8.0,   86.67,   3.4,   -5.9,  990.19,   2.5,   -7.5,   -7.7,   -4.3,   8.2,   7,   0.6,    0.050,   5,eor
     3015,20130121,   3,   8.0,   90.29,   3.5,   -6.2,  990.67,   3.5,   -8.2,   -8.3,   -4.6,   9.7,   7,   5.6,    0.000,   5,eor
     3015,20130122,   3,   8.0,   87.79,   2.9,   -8.2,  995.26,   1.7,   -8.9,   -9.0,   -7.5,   7.0,   7,   0.0,    0.000,  10,eor
     3015,20130123,   3,   8.0,   88.79,   3.1,   -7.6,  997.45,   0.7,   -8.4,   -8.3,   -6.7,   2.0,   7,   0.0,    0.000,   9,eor
     3015,20130124,   3,   7.6,   86.63,   3.2,   -6.5, 1001.09,   1.0,  -15.0,  -10.4,   -5.0,   5.8,   7,   0.0,    0.000,   9,eor
     3015,20130125,   3,   3.0,   88.13,   2.8,   -8.7, 1008.49,   2.0,  -17.4,  -11.7,   -3.9,   7.3,   0,   0.0,    5.950,   9,eor
     3015,20130126,   3,   3.8,   86.63,   2.7,   -9.0, 1002.56,   3.4,  -14.3,  -12.1,   -5.1,   7.8,   7,   0.2,    6.917,   9,eor
     3015,20130127,   3,   8.0,   91.63,   4.7,   -2.7,  994.49,   3.1,   -8.5,   -8.6,    0.5,   7.5,   7,   1.8,    0.133,  10,eor
     3015,20130128,   3,   6.5,   94.29,   6.5,    1.6,  998.43,   3.6,   -2.8,   -0.2,    3.7,   6.8,   6,   1.8,    3.183,  10,eor
     3015,20130129,   3,   7.5,   92.46,   7.5,    3.8,  995.00,   5.5,   -0.8,    0.3,    5.9,  13.4,   6,  17.1,    0.100,   6,eor
     3015,20130130,   3,   7.1,   90.13,  10.0,    8.4,  990.37,   7.1,    4.0,    5.5,   12.2,  17.3,   6,   1.8,    0.033,   0,eor
     3015,20130131,   3,   6.7,   72.75,   6.9,    6.2,  992.15,   9.5,    3.8,    5.0,    8.0,  23.0,   6,   0.4,    1.800,   0,eor
     3015,20130201,   3,   7.8,   79.42,   7.1,    5.5,  987.35,   6.1,    3.0,    3.3,    6.9,  18.8,   6,   6.3,    0.017,   0,eor
     3015,20130202,   3,   7.8,   92.00,   6.4,    1.6,  983.43,   3.5,   -1.3,   -1.0,    3.5,  10.4,   8,   1.7,    0.017,   0,eor
     3015,20130203,   3,   6.8,   87.29,   5.3,   -0.2,  996.54,   4.4,   -3.8,   -3.6,    2.3,  11.0,   8,   2.7,    0.900,   0,eor
     3015,20130204,   3,   6.7,   94.42,   7.0,    2.7,  990.23,   5.8,    0.0,    0.2,    5.5,  14.4,   8,   1.7,    0.233,   2,eor
     3015,20130205,   3,   4.2,   84.79,   6.3,    2.7,  985.30,   6.3,   -1.3,   -0.4,    6.4,  17.9,   8,   2.4,    2.833,   0,eor
     3015,20130206,   3,   4.6,   80.92,   5.1,    0.5,  986.05,   3.6,   -2.9,   -1.7,    4.0,   8.3,   0,   0.0,    7.883,   0,eor
     3015,20130207,   3,   5.5,   84.96,   5.0,   -0.4,  992.40,   2.8,   -5.4,   -2.3,    3.2,   7.5,   8,   0.1,    3.567,   0,eor
     3015,20130208,   3,   7.3,   95.96,   5.3,   -1.3,  997.62,   2.4,   -6.5,   -3.2,    0.6,   6.8,   7,   0.6,    0.800,   0,eor
     3015,20130209,   3,   6.4,   92.50,   4.9,   -1.9, 1003.22,   2.0,   -8.3,   -4.8,    0.7,   4.9,   7,   0.1,    0.983,   1,eor
     3015,20130210,   3,   6.5,   92.25,   4.3,   -3.8, 1003.99,   1.7,   -8.0,   -5.7,   -2.5,   4.8,   0,   0.0,    0.000,   1,eor
     3015,20130211,   3,   6.8,   84.04,   4.4,   -2.1,  999.20,   3.2,   -5.6,   -5.0,   -0.7,   9.6,   7,   0.0,    2.400,   0,eor
     3015,20130212,   3,   6.5,   88.21,   4.8,   -1.7, 1000.43,   2.8,   -5.6,   -3.7,    0.0,   7.0,   7,   2.0,    3.000,   0,eor
     3015,20130213,   3,   8.0,   90.92,   5.0,   -1.5, 1009.56,   1.8,   -2.9,   -2.5,   -0.1,   5.0,   7,   0.1,    0.000,   4,eor
     3015,20130214,   3,   8.0,   94.04,   5.1,   -1.5, 1011.50,   1.7,   -2.4,   -2.3,   -0.3,   6.9,   0,   0.0,    0.000,   4,eor
     3015,20130215,   3,   8.0,   95.25,   5.7,   -0.2, 1006.77,   1.7,   -1.5,   -1.4,    0.8,   7.0,   7,   0.0,    0.000,   2,eor
     3015,20130216,   3,   8.0,   95.96,   6.0,    0.4, 1010.60,   1.0,   -0.7,   -0.4,    1.7,   3.7,   7,   0.1,    0.000,   2,eor
     3015,20130217,   3,   8.0,   93.08,   5.8,    0.2, 1012.51,   1.8,   -0.8,   -0.7,    1.1,   5.3,   8,   0.0,    0.000,   0,eor
     3015,20130218,   3,   8.0,   89.92,   5.3,   -0.4, 1008.52,   2.2,   -1.1,   -1.0,    0.8,   7.8,   7,   2.0,    0.000,   0,eor
     3015,20130219,   3,   8.0,   95.88,   5.8,   -0.1,  998.95,   4.7,   -1.1,   -0.9,    0.8,  11.1,   7,   2.1,    0.000,   4,eor
     3015,20130220,   3,   7.5,   89.54,   4.8,   -1.7, 1006.63,   3.6,   -5.9,   -4.1,   -0.1,   9.9,   7,   1.5,    0.000,   7,eor
     3015,20130221,   3,   7.6,   87.96,   4.0,   -4.0, 1009.33,   2.2,  -11.2,   -7.1,   -1.9,   6.9,   7,   0.5,    0.117,   9,eor
     3015,20130222,   3,   7.7,   82.54,   3.9,   -3.6, 1006.26,   3.0,   -5.0,   -4.5,   -2.2,  12.3,   7,   0.7,    0.517,   9,eor
     3015,20130223,   3,   8.0,   91.58,   4.6,   -2.7, 1001.03,   3.8,   -5.3,   -4.8,   -0.3,  11.0,   8,   2.4,    0.000,   9,eor
     3015,20130224,   3,   8.0,   99.38,   6.4,    0.8, 1001.22,   2.9,   -0.3,   -0.3,    1.6,   8.6,   8,   4.4,    0.000,  11,eor
     3015,20130225,   3,   8.0,   95.42,   6.4,    1.3, 1009.25,   3.0,    0.3,    0.5,    2.5,   8.0,   6,   0.0,    0.000,   6,eor
     3015,20130226,   3,   7.9,   95.79,   6.2,    0.7, 1017.44,   2.2,    0.0,    0.2,    1.2,   6.7,   6,   0.2,    0.000,   3,eor
     3015,20130227,   3,   8.0,   94.33,   6.3,    1.2, 1018.90,   1.5,   -1.4,    0.0,    3.2,   4.0,   6,   0.0,    0.000,   3,eor
     3015,20130228,   3,   7.4,   89.63,   6.2,    1.8, 1013.44,   3.3,   -1.4,   -0.1,    4.4,  12.5,   6,   0.0,    0.000,   0,eor
     3015,20130301,   3,   5.0,   90.29,   6.1,    1.4, 1007.78,   4.4,   -6.0,   -2.3,    5.2,  10.6,   0,   0.0,    3.567,   0,eor
     3015,20130302,   3,   2.9,   81.92,   5.2,    0.8, 1008.51,   4.4,   -6.6,   -3.5,    5.7,  10.7,   8,   0.0,   10.317,   0,eor
     3015,20130303,   3,   5.0,   80.67,   5.5,    1.7, 1006.22,   4.9,   -5.6,   -1.8,    5.3,  11.7,   6,   0.0,    3.633,   0,eor
     3015,20130304,   3,   0.5,   75.38,   5.1,    1.9, 1010.22,   2.3,   -6.7,   -3.2,    8.2,   6.6,   0,   0.0,   10.467,   0,eor
     3015,20130305,   3,   0.6,   60.54,   5.1,    4.8, 1002.00,   3.3,   -2.9,   -0.2,   11.4,   9.3,   0,   0.0,   10.583,   0,eor
     3015,20130306,   3,   2.5,   63.75,   5.7,    5.8,  994.08,   2.4,   -3.2,   -0.3,   13.8,   6.4,   0,   0.0,   10.100,   0,eor
     3015,20130307,   3,   6.5,   69.21,   6.2,    5.4,  992.68,   4.0,    1.1,    2.3,    9.6,  10.3,   8,   3.1,    1.050,   0,eor
     3015,20130308,   3,   8.0,   88.21,   5.4,   -0.1,  995.66,   4.4,   -1.0,   -0.8,    2.8,  11.5,   7,   0.4,    0.000,   0,eor
     3015,20130309,   3,   8.0,   85.58,   5.0,   -0.5,  993.70,   3.5,   -1.8,   -1.6,    1.2,   8.4,   7,   3.0,    0.000,   0,eor
     3015,20130310,   3,   8.0,   95.42,   4.8,   -2.8,  988.37,   3.7,   -5.3,   -5.3,   -1.3,   9.9,   7,   4.8,    0.000,   3,eor
     3015,20130311,   3,   8.0,   85.71,   3.6,   -5.2,  993.00,   2.3,   -6.6,   -6.3,   -3.8,   7.5,   7,   0.2,    0.000,   8,eor
     3015,20130312,   3,   7.7,   78.54,   3.4,   -4.4,  992.66,   1.9,   -6.6,   -6.3,   -1.7,   5.7,   7,   0.4,    0.567,   8,eor
     3015,20130313,   3,   5.0,   69.29,   3.1,   -4.1,  991.94,   1.5,  -12.9,   -8.5,    0.3,   4.8,   7,   0.0,    9.367,   7,eor
     3015,20130314,   3,   1.8,   72.38,   2.8,   -5.5,  996.61,   1.5,  -14.7,  -11.8,    1.9,   4.3,   0,   0.0,    8.783,   5,eor
     3015,20130315,   3,   3.3,   84.21,   3.7,   -4.3, 1001.41,   2.4,  -13.3,   -8.5,    1.3,   8.5,   7,   0.2,    4.300,   4,eor
     3015,20130316,   3,   0.3,   70.46,   3.2,   -3.4, 1005.73,   2.9,  -13.8,   -9.7,    2.4,   8.2,   0,   0.0,   10.983,   4,eor
     3015,20130317,   3,   5.8,   57.79,   3.2,   -1.2,  999.03,   5.0,   -6.7,   -5.7,    3.5,  13.0,   0,   0.0,    8.250,   3,eor
     3015,20130318,   3,   8.0,   67.17,   4.1,    0.0,  987.20,   4.9,   -2.0,   -1.5,    3.2,  11.5,   7,   5.9,    0.033,   2,eor
     3015,20130319,   3,   7.9,   96.25,   5.2,   -1.6,  982.93,   3.3,   -5.0,   -3.0,   -0.7,   8.5,   7,   2.1,    0.000,   6,eor
     3015,20130320,   3,   7.7,   85.58,   4.7,   -1.4,  993.17,   2.9,   -4.3,   -3.2,    1.1,   8.7,   8,   2.7,    0.417,   8,eor
     3015,20130321,   3,   7.8,   91.54,   5.1,   -1.2, 1001.85,   2.7,   -4.8,   -3.0,    0.4,   6.7,   7,   1.7,    0.000,   8,eor
     3015,20130322,   3,   6.8,   81.54,   4.1,   -2.6, 1008.69,   2.7,   -9.2,   -7.5,   -0.1,   9.0,   7,   0.0,    0.600,   9,eor
     3015,20130323,   3,   1.4,   55.21,   1.9,   -7.5, 1013.74,   3.8,  -13.5,  -11.5,   -3.1,  10.5,   0,   0.0,   11.383,   8,eor
     3015,20130324,   3,   0.8,   57.67,   2.3,   -5.9, 1012.78,   3.7,  -13.9,  -12.1,    0.0,  10.5,   0,   0.0,   11.717,   8,eor
     3015,20130325,   3,   2.6,   57.08,   2.7,   -3.2, 1008.67,   4.3,   -8.5,   -7.0,    0.8,  12.1,   0,   0.0,   11.500,   7,eor
     3015,20130326,   3,   4.0,   55.96,   2.8,   -2.2, 1004.23,   3.5,   -8.3,   -7.0,    2.3,  10.2,   0,   0.0,   11.367,   7,eor
     3015,20130327,   3,   7.6,   55.33,   3.0,   -1.3, 1003.12,   3.8,   -6.4,   -5.1,    2.4,  11.5,   7,   0.0,    2.050,   4,eor
     3015,20130328,   3,   7.8,   69.08,   4.1,   -0.3, 1000.26,   3.4,   -2.4,   -1.9,    1.9,   9.0,   7,   1.7,    1.217,   4,eor
     3015,20130329,   3,   8.0,   93.58,   5.7,    0.1,  992.59,   2.9,   -2.7,   -1.2,    1.7,   7.9,   7,   4.1,    0.000,   7,eor
     3015,20130330,   3,   7.9,   85.96,   5.2,   -0.2,  994.32,   2.1,   -3.0,   -1.3,    1.9,   5.8,   7,   0.4,    0.000,   9,eor
     3015,20130331,   3,   7.8,   86.63,   5.2,   -0.2,  996.80,   2.3,   -5.2,   -2.1,    3.0,   6.8,   7,   0.8,    0.050,   9,eor
     3015,20130401,   3,   7.3,   80.67,   4.8,   -0.2,  997.75,   2.5,   -7.5,   -3.2,    2.8,   7.6,   8,   0.2,    0.817,   9,eor
     3015,20130402,   3,   6.2,   73.13,   4.3,   -0.2, 1002.87,   2.6,   -9.7,   -4.6,    2.8,   8.3,   0,   0.0,    2.400,   7,eor
     3015,20130403,   3,   8.0,   68.00,   4.3,    0.6, 1005.70,   3.0,   -1.7,   -0.4,    1.4,   9.9,   0,   0.0,    0.000,   6,eor
     3015,20130404,   3,   7.8,   77.00,   5.0,    0.8, 1001.35,   1.9,   -2.2,   -0.7,    3.1,   5.7,   0,   0.0,    0.000,   0,eor
     3015,20130405,   3,   8.0,   88.92,   5.9,    1.2,  997.96,   1.8,   -0.6,   -0.1,    3.1,   5.3,   8,   0.0,    0.000,   0,eor
     3015,20130406,   3,   7.5,   83.13,   5.7,    1.7, 1004.30,   2.1,   -4.3,   -0.9,    4.2,   5.3,   8,   0.0,    0.000,   0,eor
     3015,20130407,   3,   2.4,   63.71,   4.5,    3.1, 1006.46,   2.4,   -7.2,   -3.1,    9.4,   8.1,   6,   0.0,    9.817,   0,eor
     3015,20130408,   3,   5.4,   60.25,   4.7,    4.0,  999.03,   2.6,   -4.9,   -2.4,    9.2,   9.1,   0,   0.0,    9.817,   0,eor
     3015,20130409,   3,   7.3,   75.13,   5.9,    3.6,  994.41,   4.4,    0.4,    1.1,    7.2,  10.6,   0,   0.0,    3.583,   0,eor
     3015,20130410,   3,   8.0,   85.25,   7.2,    4.6,  994.12,   3.2,    1.5,    2.5,    7.2,   7.5,   6,   0.2,    0.000,   0,eor
     3015,20130411,   3,   6.9,   89.00,   9.9,    8.5,  990.95,   2.8,    2.6,    4.1,   13.2,   9.7,   6,   5.9,    0.950,   0,eor
     3015,20130412,   3,   6.8,   87.33,  10.5,    9.7,  989.10,   3.8,    6.0,    7.8,   12.4,  13.7,   6,   4.2,    1.000,   0,eor
     3015,20130413,   3,   4.5,   73.17,   8.5,    9.4, 1001.60,   4.9,    0.0,    4.8,   13.7,  15.6,   6,   0.0,    1.183,   0,eor
     3015,20130414,   3,   3.0,   70.54,   8.7,   10.6, 1013.22,   2.5,   -1.2,    2.2,   17.2,   6.7,   0,   0.0,    9.700,   0,eor
     3015,20130415,   3,   4.5,   55.83,   9.2,   14.8, 1009.53,   3.8,    5.4,    7.4,   21.7,  10.6,   0,   0.0,   10.367,   0,eor
     3015,20130416,   3,   6.5,   64.79,  11.2,   15.1, 1006.13,   2.9,    7.4,   10.7,   19.6,   6.8,   6,   1.8,    4.583,   0,eor
     3015,20130417,   3,   6.3,   68.17,  11.9,   15.8, 1008.35,   2.1,    8.7,   11.1,   20.4,   6.3,   0,   0.0,    5.317,   0,eor
     3015,20130418,   3,   5.0,   55.17,  10.8,   17.6, 1001.97,   4.4,    9.0,   10.9,   25.7,  13.5,   6,   0.0,    7.733,   0,eor
     3015,20130419,   3,   7.1,   47.92,   6.9,   12.7, 1007.93,   3.6,    4.3,    6.6,   16.6,  10.3,   0,   0.0,    5.817,   0,eor
     3015,20130420,   3,   6.0,   62.13,   6.5,    8.1, 1015.26,   2.4,    1.4,    4.0,   12.1,   7.1,   0,   0.0,    7.900,   0,eor
     3015,20130421,   3,   4.4,   54.46,   6.8,   10.7, 1008.63,   3.9,    2.7,    4.2,   16.3,  10.1,   6,   0.0,   11.350,   0,eor
     3015,20130422,   3,   5.7,   63.46,   9.2,   12.3, 1002.06,   2.6,    5.0,    7.2,   18.6,   7.8,   6,   0.1,    2.917,   0,eor
     3015,20130423,   3,   6.1,   59.92,   8.9,   13.3, 1005.42,   4.8,    7.8,    8.9,   19.0,  15.2,   0,   0.0,    4.900,   0,eor
     3015,20130424,   3,   4.5,   66.58,   9.7,   13.0, 1011.32,   3.4,    3.2,    6.6,   18.9,   9.1,   0,   0.0,    8.583,   0,eor
     3015,20130425,   3,   5.9,   69.38,  11.9,   15.2, 1009.63,   2.7,    6.4,    9.9,   20.2,   7.5,   6,   0.0,    4.117,   0,eor
     3015,20130426,   3,   5.7,   67.54,  12.8,   17.4,  995.43,   3.2,   10.4,   11.7,   24.5,  15.0,   6,   9.0,    6.733,   0,eor
     3015,20130427,   3,   8.0,   89.00,   9.4,    7.6,  994.58,   3.0,    4.3,    4.6,   13.3,   9.7,   6,   2.5,    0.000,   0,eor
     3015,20130428,   3,   5.8,   71.71,   7.8,    8.8, 1002.09,   2.1,    3.7,    4.4,   13.7,   6.8,   6,   0.0,    6.117,   0,eor
     3015,20130429,   3,   6.5,   71.04,   9.0,   10.6, 1003.51,   3.8,    4.9,    7.0,   15.3,  11.9,   6,   0.0,    3.417,   0,eor
     3015,20130430,   3,   7.3,   64.42,   8.1,   10.6, 1009.45,   1.8,    2.4,    5.4,   14.3,   6.0,   0,   0.0,    2.083,   0,eor
     3015,20130501,   3,   7.1,   66.92,   9.1,   11.8, 1011.65,   2.4,    7.4,    8.3,   15.9,   8.5,   0,   0.0,    3.583,   0,eor
     3015,20130502,   3,   8.0,   72.92,  10.3,   12.1, 1007.59,   2.4,   10.0,   10.1,   14.4,   8.5,   0,   0.0,    0.000,   0,eor
     3015,20130503,   3,   6.4,   46.13,   6.3,   11.9, 1004.63,   2.4,    1.9,    5.7,   16.9,   8.5,   0,   0.0,    2.050,   0,eor
     3015,20130504,   3,   2.6,   57.83,   7.8,   12.1, 1004.53,   2.3,   -0.1,    3.1,   19.6,   9.8,   0,   0.0,   10.333,   0,eor
     3015,20130505,   3,   1.6,   53.67,   9.1,   15.6, 1010.18,   2.1,    4.5,    7.7,   22.1,   6.1,   0,   0.0,   13.550,   0,eor
     3015,20130506,   3,   5.5,   59.88,  11.2,   16.6, 1009.09,   3.3,    9.3,   12.0,   21.6,   8.8,   6,   0.3,    4.550,   0,eor
     3015,20130507,   3,   6.0,   76.42,  15.6,   17.8, 1003.53,   3.2,   12.4,   13.5,   22.2,   9.3,   6,   0.1,    3.017,   0,eor
     3015,20130508,   3,   6.0,   73.71,  16.5,   19.6, 1000.95,   2.7,   14.3,   15.5,   25.0,   8.3,   0,   0.0,    8.383,   0,eor
     3015,20130509,   3,   6.4,   78.71,  15.4,   17.4, 1000.20,   3.0,   12.0,   13.7,   22.0,  13.2,   6,   3.1,    5.267,   0,eor
     3015,20130510,   3,   7.2,   88.63,  14.8,   14.6,  999.84,   2.3,    6.0,    9.0,   18.0,   8.3,   6,   2.8,    0.000,   0,eor
     3015,20130511,   3,   6.1,   73.21,  10.9,   13.2, 1001.79,   1.8,    4.6,    7.5,   17.2,   5.2,   0,   0.0,    5.433,   0,eor
     3015,20130512,   3,   5.2,   76.46,  10.6,   12.1,  999.88,   2.9,    5.1,    7.2,   18.6,  14.0,   6,   0.0,    7.483,   0,eor
     3015,20130513,   3,   3.4,   70.75,   9.2,   11.3, 1001.41,   3.9,    1.8,    4.6,   17.0,  12.6,   6,   0.0,    9.383,   0,eor
     3015,20130514,   3,   6.0,   70.42,  10.5,   13.1,  998.40,   3.2,    7.5,   10.0,   17.4,  12.2,   6,   0.0,    4.550,   0,eor
     3015,20130515,   3,   0.8,   55.58,  10.9,   17.9,  992.91,   4.2,    8.2,   10.1,   25.2,  11.3,   0,   0.0,   13.817,   0,eor
     3015,20130516,   3,   4.8,   53.46,  12.3,   20.3,  988.12,   4.1,   12.1,   13.4,   26.0,  13.6,   0,   0.0,   10.650,   0,eor
     3015,20130517,   3,   5.3,   54.96,  14.2,   21.9,  987.58,   3.9,   15.3,   17.0,   27.3,  11.9,   0,   0.0,   10.017,   0,eor
     3015,20130518,   3,   5.9,   87.46,  14.4,   14.4,  993.97,   3.4,    7.0,    9.5,   18.4,  12.1,   6,   3.3,    0.050,   0,eor
     3015,20130519,   3,   3.0,   69.92,  13.0,   17.1,  995.43,   1.8,    6.4,    8.6,   25.1,   8.5,   6,   0.3,   13.333,   0,eor
     3015,20130520,   3,   6.4,   73.83,  11.8,   14.2,  996.15,   4.2,    6.2,   10.3,   17.4,  10.5,   0,   0.0,    0.533,   0,eor
     3015,20130521,   3,   4.8,   68.96,  10.1,   13.0,  996.77,   3.8,    5.7,    8.6,   17.6,  10.2,   0,   0.0,    5.950,   0,eor
     3015,20130522,   3,   6.8,   83.25,  10.2,   10.0,  992.01,   5.0,    6.8,    7.2,   15.0,  13.9,   6,   1.4,    3.283,   0,eor
     3015,20130523,   3,   4.9,   57.38,   6.7,    9.7,  995.29,   3.1,    3.3,    4.5,   14.9,  11.8,   0,   0.0,   11.883,   0,eor
     3015,20130524,   3,   6.6,   60.58,   8.0,   11.3,  996.38,   2.3,    3.4,    6.3,   15.5,   7.9,   6,   0.0,    0.750,   0,eor
     3015,20130525,   3,   8.0,   92.00,  10.4,    8.9,  994.38,   4.9,    6.5,    7.5,   10.5,  12.0,   6,  20.3,    0.000,   0,eor
     3015,20130526,   3,   8.0,   96.42,  11.1,    9.0,  988.85,   3.6,    7.5,    7.3,   10.7,   9.0,   6,   2.2,    0.000,   0,eor
     3015,20130527,   3,   5.3,   75.33,  10.1,   11.6,  993.27,   2.5,    5.8,    6.0,   16.8,   7.4,   6,   0.0,    8.433,   0,eor
     3015,20130528,   3,   7.6,   93.17,  13.0,   12.0,  989.40,   3.3,    9.5,    9.8,   16.2,   8.7,   6,   5.8,    0.600,   0,eor
     3015,20130529,   3,   6.7,   88.21,  13.5,   13.4,  988.08,   2.0,    7.3,    8.9,   19.8,   8.2,   6,  10.3,    4.250,   0,eor
     3015,20130530,   3,   7.3,   92.83,  15.5,   14.7,  990.23,   2.2,    8.7,   10.5,   19.8,  10.1,   6,  30.4,    0.783,   0,eor
     3015,20130531,   3,   6.8,   88.67,  16.4,   16.3,  988.09,   2.8,   11.3,   13.2,   20.7,   9.9,   6,   2.5,    1.767,   0,eor
     3015,20130601,   3,   7.9,   92.38,  16.3,   15.5,  992.89,   3.3,   13.9,   13.9,   18.7,  11.0,   6,   1.3,    0.000,   0,eor
     3015,20130602,   3,   8.0,   96.92,  14.3,   12.7, 1000.12,   3.9,   10.9,   11.3,   15.1,  11.7,   6,  29.2,    0.000,   0,eor
     3015,20130603,   3,   7.4,   82.29,  12.3,   13.1, 1006.23,   3.0,    9.6,    9.8,   18.7,   9.3,   6,   3.6,    1.067,   0,eor
     3015,20130604,   3,   5.8,   78.42,  12.1,   13.4, 1006.11,   3.4,    4.9,    7.3,   19.8,  11.4,   6,   0.0,    4.617,   0,eor
     3015,20130605,   3,   2.1,   57.33,   8.8,   14.4, 1008.02,   2.4,    3.3,    6.1,   20.4,   8.6,   0,   0.0,   15.567,   0,eor
     3015,20130606,   3,   2.5,   66.04,  12.5,   16.8, 1008.88,   2.0,    7.6,    9.2,   22.0,   6.1,   0,   0.0,   15.167,   0,eor
     3015,20130607,   3,   3.5,   77.71,  15.5,   17.5, 1007.67,   1.7,    9.5,   10.8,   25.0,   7.0,   6,   3.4,    9.767,   0,eor
     3015,20130608,   3,   4.8,   65.88,  14.2,   19.3, 1003.70,   1.6,   11.5,   12.8,   24.5,   5.4,   0,   0.0,    9.417,   0,eor
     3015,20130609,   3,   6.7,   71.08,  14.9,   18.6,  997.75,   2.2,   13.4,   14.3,   24.3,   7.3,   6,   2.9,    6.017,   0,eor
     3015,20130610,   3,   5.8,   71.00,  12.7,   16.2,  996.84,   2.3,    8.4,   11.7,   21.7,   8.3,   0,   0.0,    8.317,   0,eor
     3015,20130611,   3,   3.3,   58.46,  11.0,   16.9, 1002.88,   1.9,    6.7,    8.9,   22.1,   7.5,   0,   0.0,   10.217,   0,eor
     3015,20130612,   3,   4.3,   56.33,  12.3,   19.3, 1006.28,   2.1,   10.2,   12.3,   24.5,   6.5,   0,   0.0,   10.500,   0,eor
     3015,20130613,   3,   6.6,   66.75,  16.4,   20.9, 1002.35,   3.4,   13.8,   14.6,   26.2,  13.5,   6,   3.1,    8.183,   0,eor
     3015,20130614,   3,   6.0,   72.21,  13.1,   16.2, 1005.25,   4.2,    9.4,   12.1,   19.9,  12.2,   0,   0.0,    5.133,   0,eor
     3015,20130615,   3,   4.6,   60.54,  12.7,   18.6, 1002.14,   3.1,    8.8,   11.5,   23.7,  11.4,   0,   0.0,    9.217,   0,eor
     3015,20130616,   3,   5.8,   59.96,  11.5,   17.3, 1003.18,   3.6,   10.4,   13.0,   21.8,  11.3,   6,   0.0,    8.100,   0,eor
     3015,20130617,   3,   5.8,   54.75,  12.4,   20.1, 1004.85,   2.0,   12.2,   14.0,   26.1,   8.6,   6,   9.9,   12.133,   0,eor
     3015,20130618,   3,   2.6,   71.58,  19.1,   22.4, 1003.38,   2.3,   14.9,   15.7,   28.5,   7.9,   0,   0.0,   13.667,   0,eor
     3015,20130619,   3,   2.3,   65.96,  21.9,   26.2, 1003.25,   3.2,   18.6,   19.4,   32.1,   8.2,   0,   0.0,   13.483,   0,eor
     3015,20130620,   3,   5.7,   68.00,  22.2,   25.8,  999.15,   3.2,   16.6,   17.5,   32.2,  21.5,   8,  21.3,   11.433,   0,eor
     3015,20130621,   3,   4.3,   71.71,  17.0,   20.5,  999.72,   4.7,   14.9,   16.7,   24.7,  14.0,   6,   0.0,   10.817,   0,eor
     3015,20130622,   3,   3.0,   63.79,  14.8,   20.2, 1002.07,   3.5,   13.8,   15.2,   24.9,  10.1,   0,   0.0,   10.783,   0,eor
     3015,20130623,   3,   4.5,   62.29,  14.2,   19.9,  999.78,   4.0,   13.6,   14.7,   24.3,  12.2,   6,   0.0,    8.500,   0,eor
     3015,20130624,   3,   7.5,   72.71,  13.8,   16.8, 1004.44,   1.9,   13.4,   14.0,   20.4,   5.3,   6,   8.5,    1.133,   0,eor
     3015,20130625,   3,   8.0,   96.13,  14.1,   12.6, 1005.59,   4.5,   11.9,   11.9,   14.5,  12.2,   6,  27.0,    0.000,   0,eor
     3015,20130626,   3,   7.6,   79.75,  11.5,   12.5, 1007.61,   5.7,    7.6,    9.4,   14.5,  14.1,   6,   0.1,    0.083,   0,eor
     3015,20130627,   3,   4.6,   70.63,  10.7,   13.5, 1009.33,   3.0,    5.5,    7.8,   18.9,   8.9,   6,   0.0,    6.883,   0,eor
     3015,20130628,   3,   5.1,   72.75,  12.1,   15.1, 1006.72,   2.6,    9.1,   10.2,   19.7,   8.7,   6,   0.0,    6.200,   0,eor
     3015,20130629,   3,   7.1,   80.33,  13.6,   14.9, 1003.14,   3.8,   10.6,   11.6,   19.6,  11.6,   6,   1.1,    0.883,   0,eor
     3015,20130630,   3,   6.6,   74.50,  10.8,   12.6, 1007.06,   4.6,    8.5,    9.0,   15.9,  12.3,   6,   0.3,    4.500,   0,eor
     3015,20130701,   3,   6.3,   76.50,  14.5,   17.0, 1003.43,   3.6,    9.4,   11.2,   24.7,  15.4,   6,   9.4,    5.133,   0,eor
     3015,20130702,   3,   5.5,   73.29,  15.1,   18.3, 1002.34,   2.6,   13.1,   13.3,   23.5,   9.9,   6,   0.0,    9.683,   0,eor
     3015,20130703,   3,   6.1,   69.92,  17.2,   21.1,  999.45,   3.0,   14.4,   15.9,   27.6,  14.4,   6,   3.1,    9.200,   0,eor
     3015,20130704,   3,   5.5,   80.13,  18.8,   20.1, 1006.19,   3.1,   14.5,   16.6,   23.0,   8.7,   6,   0.0,    9.367,   0,eor
     3015,20130705,   3,   6.2,   80.29,  18.6,   20.0, 1013.31,   2.0,   13.1,   15.2,   23.1,   7.1,   6,   0.0,    4.133,   0,eor
     3015,20130706,   3,   2.0,   69.04,  14.3,   18.6, 1016.97,   2.0,   11.9,   13.8,   24.6,   6.1,   0,   0.0,   13.300,   0,eor
     3015,20130707,   3,   1.0,   62.58,  13.1,   18.7, 1017.72,   2.0,    8.8,   11.1,   24.7,   6.2,   0,   0.0,   14.933,   0,eor
     3015,20130708,   3,   0.6,   61.38,  14.1,   20.3, 1016.63,   1.8,   10.3,   12.1,   27.0,   4.8,   0,   0.0,   14.950,   0,eor
     3015,20130709,   3,   0.8,   61.08,  15.3,   21.6, 1011.15,   2.0,   12.7,   15.7,   27.5,   5.8,   0,   0.0,   14.000,   0,eor
     3015,20130710,   3,   3.0,   69.88,  14.5,   18.2, 1003.91,   3.4,   11.1,   13.5,   23.6,  12.0,   0,   0.0,   11.550,   0,eor
     3015,20130711,   3,   7.6,   81.83,  14.5,   15.6, 1003.93,   2.4,   13.0,   13.8,   17.5,  10.3,   6,   1.0,    0.300,   0,eor
     3015,20130712,   3,   6.7,   79.79,  15.3,   16.9, 1006.33,   2.9,   11.5,   14.1,   21.1,  10.6,   6,   0.5,    2.583,   0,eor
     3015,20130713,   3,   5.0,   70.33,  14.4,   18.5, 1006.55,   2.9,    9.9,   12.5,   23.9,  11.2,   0,   0.0,   10.833,   0,eor
     3015,20130714,   3,   6.0,   82.71,  15.2,   16.2, 1007.07,   3.7,   10.7,   13.0,   19.5,   9.2,   0,   0.0,    0.300,   0,eor
     3015,20130715,   3,   3.9,   70.13,  13.0,   16.7, 1008.02,   3.0,   10.6,   11.9,   22.8,   8.5,   0,   0.0,   10.100,   0,eor
     3015,20130716,   3,   3.4,   66.50,  14.4,   19.4, 1009.72,   2.6,    9.6,   12.2,   26.2,   7.3,   0,   0.0,   13.700,   0,eor
     3015,20130717,   3,   4.5,   63.00,  15.2,   21.2, 1010.00,   2.1,   12.7,   15.5,   27.1,   6.4,   0,   0.0,   11.983,   0,eor
     3015,20130718,   3,   3.8,   61.46,  15.4,   21.9, 1010.18,   1.7,   13.0,   15.1,   28.1,   6.0,   0,   0.0,   13.200,   0,eor
     3015,20130719,   3,   3.6,   65.04,  15.5,   20.8, 1006.94,   3.5,   11.8,   14.2,   26.5,  10.9,   0,   0.0,   14.000,   0,eor
     3015,20130720,   3,   2.8,   64.17,  14.1,   19.7, 1008.03,   2.1,   11.7,   14.2,   26.4,   8.0,   0,   0.0,   13.533,   0,eor
     3015,20130721,   3,   0.4,   48.96,  12.0,   21.5, 1009.31,   2.0,    9.6,   11.9,   28.7,   6.4,   0,   0.0,   15.017,   0,eor
     3015,20130722,   3,   1.7,   47.46,  12.8,   23.6, 1004.96,   2.1,   11.7,   14.2,   31.1,   7.8,   0,   0.0,   14.850,   0,eor
     3015,20130723,   3,   0.5,   49.13,  12.4,   21.8, 1003.07,   2.8,   12.5,   15.4,   28.1,   7.1,   0,   0.0,   14.800,   0,eor
     3015,20130724,   3,   4.1,   47.13,  11.6,   21.8, 1002.90,   2.3,   12.2,   14.3,   29.4,   6.4,   0,   0.0,   13.217,   0,eor
     3015,20130725,   3,   4.8,   53.75,  14.6,   23.2, 1002.83,   2.0,   16.6,   18.0,   29.9,   5.8,   0,   0.0,    8.467,   0,eor
     3015,20130726,   3,   5.0,   56.92,  17.3,   25.1, 1001.90,   1.8,   15.2,   17.8,   31.6,   6.5,   6,   0.5,   10.233,   0,eor
     3015,20130727,   3,   5.0,   60.71,  20.0,   26.7,  998.48,   2.1,   19.6,   20.1,   34.1,   6.1,   0,   0.0,   11.583,   0,eor
     3015,20130728,   3,   4.1,   52.04,  18.9,   27.9,  997.67,   2.7,   21.6,   22.8,   33.7,  11.7,   6,   6.0,    7.917,   0,eor
     3015,20130729,   3,   7.3,   85.13,  22.2,   21.9, 1000.10,   2.9,   18.6,   18.6,   25.4,  11.7,   6,  17.0,    3.767,   0,eor
     3015,20130730,   3,   5.2,   78.42,  17.6,   19.5, 1002.53,   3.9,   14.4,   16.7,   24.4,  12.5,   6,   0.6,    7.533,   0,eor
     3015,20130731,   3,   6.2,   67.83,  15.9,   20.3, 1003.18,   4.5,   14.0,   16.2,   25.1,  13.3,   6,   0.0,    4.433,   0,eor
     3015,20130801,   3,   4.5,   66.75,  16.6,   21.5, 1005.64,   2.0,   13.9,   15.6,   27.9,   7.3,   0,   0.0,    6.900,   0,eor
     3015,20130802,   3,   0.3,   52.17,  16.9,   26.4, 1003.07,   2.4,   16.8,   18.7,   33.4,   6.6,   0,   0.0,   14.267,   0,eor
     3015,20130803,   3,   2.4,   54.71,  19.2,   27.0, 1003.00,   3.0,   19.8,   21.1,   33.6,   9.4,   6,   2.7,   10.250,   0,eor
     3015,20130804,   3,   6.0,   80.75,  20.9,   21.7, 1007.92,   1.8,   17.7,   18.5,   26.1,   6.2,   6,   0.2,    2.500,   0,eor
     3015,20130805,   3,   3.8,   74.13,  19.4,   22.0, 1006.53,   2.0,   15.8,   16.5,   27.6,   6.4,   0,   0.0,    6.150,   0,eor
     3015,20130806,   3,   5.6,   72.42,  20.6,   24.0, 1001.70,   2.7,   18.6,   18.7,   33.0,  16.6,   6,   1.9,    8.917,   0,eor
     3015,20130807,   3,   6.6,   84.46,  21.0,   21.2, 1000.81,   1.9,   18.0,   17.6,   26.3,   6.6,   8,  20.9,    4.317,   0,eor
     3015,20130808,   3,   6.5,   82.29,  20.7,   21.2, 1001.23,   3.4,   15.6,   16.6,   25.3,  19.2,   6,   0.0,    3.683,   0,eor
     3015,20130809,   3,   7.2,   78.58,  15.1,   16.9, 1007.28,   2.4,   12.8,   14.3,   19.3,   7.0,   6,   0.0,    0.767,   0,eor
     3015,20130810,   3,   4.0,   80.08,  15.2,   17.3, 1005.17,   2.0,   10.6,   12.4,   24.6,  13.1,   6,   0.7,    7.967,   0,eor
     3015,20130811,   3,   5.4,   73.25,  13.6,   16.6, 1004.15,   3.4,   11.3,   13.0,   20.1,  10.5,   6,   0.0,    7.733,   0,eor
     3015,20130812,   3,   6.3,   68.04,  13.1,   17.5, 1002.18,   3.2,   11.1,   12.4,   23.7,  10.5,   6,   6.4,    7.633,   0,eor
     3015,20130813,   3,   5.4,   84.21,  14.0,   14.7, 1002.38,   4.2,   10.7,   11.5,   19.7,  16.0,   6,   6.5,    6.600,   0,eor
     3015,20130814,   3,   2.6,   77.00,  12.3,   14.3, 1007.73,   4.4,    8.5,    9.8,   19.9,  11.0,   6,   0.5,    8.767,   0,eor
     3015,20130815,   3,   3.8,   66.50,  11.7,   16.2, 1010.26,   2.1,    7.2,    9.1,   22.4,   7.4,   0,   0.0,   10.467,   0,eor
     3015,20130816,   3,   5.0,   52.63,  11.9,   20.2, 1007.38,   2.3,   13.2,   14.7,   26.3,   7.9,   0,   0.0,   11.617,   0,eor
     3015,20130817,   3,   4.1,   56.17,  13.9,   21.2, 1002.72,   2.2,   13.1,   14.8,   28.2,   9.2,   6,   0.0,    8.567,   0,eor
     3015,20130818,   3,   6.8,   63.42,  15.8,   21.4, 1001.02,   4.1,   15.5,   16.5,   28.1,  13.6,   6,   0.0,    3.833,   0,eor
     3015,20130819,   3,   7.3,   83.13,  17.8,   18.6, 1002.26,   1.7,   14.2,   15.9,   21.9,   5.9,   6,   3.5,    0.800,   0,eor
     3015,20130820,   3,   7.8,   87.50,  15.7,   15.7, 1011.60,   2.3,   12.2,   13.6,   18.4,   8.5,   6,   0.4,    0.033,   0,eor
     3015,20130821,   3,   4.5,   72.58,  12.7,   15.9, 1013.53,   1.7,    8.7,   11.0,   21.1,   5.2,   0,   0.0,    5.683,   0,eor
     3015,20130822,   3,   4.5,   62.83,  12.2,   17.6, 1009.50,   1.6,    8.7,   11.7,   23.5,   5.6,   0,   0.0,    8.850,   0,eor
     3015,20130823,   3,   5.8,   64.21,  13.2,   18.3, 1008.17,   2.6,   12.7,   13.8,   23.7,   7.0,   0,   0.0,   11.017,   0,eor
     3015,20130824,   3,   1.5,   61.42,  12.4,   18.3, 1004.80,   3.2,   11.4,   12.2,   24.3,  10.1,   0,   0.0,   12.517,   0,eor
     3015,20130825,   3,   3.8,   54.17,  11.0,   18.4, 1002.52,   3.7,   11.7,   12.8,   24.4,  11.3,   0,   0.0,    9.200,   0,eor
     3015,20130826,   3,   4.0,   53.96,  10.4,   17.3, 1005.52,   3.3,   10.6,   11.7,   23.0,  10.0,   0,   0.0,   12.567,   0,eor
     3015,20130827,   3,   3.8,   62.33,  11.9,   17.0, 1004.72,   2.8,   10.5,   11.9,   21.9,   9.8,   0,   0.0,    3.850,   0,eor
     3015,20130828,   3,   4.3,   59.00,  12.0,   18.3, 1004.90,   1.8,   10.3,   13.0,   25.2,   5.8,   0,   0.0,    6.150,   0,eor
     3015,20130829,   3,   3.0,   66.75,  13.0,   17.8, 1008.20,   1.7,    8.2,   11.2,   24.0,   6.1,   0,   0.0,   11.167,   0,eor
     3015,20130830,   3,   5.0,   61.21,  12.8,   18.6, 1006.33,   2.1,    9.5,   12.8,   25.0,   7.2,   6,   0.0,    6.450,   0,eor
     3015,20130831,   3,   7.1,   69.71,  14.3,   18.2, 1004.63,   3.5,   12.3,   13.6,   24.0,  10.9,   6,   0.5,    3.850,   0,eor
     3015,20130901,   3,   5.9,   66.67,  10.7,   14.2, 1008.51,   4.5,    9.8,   10.7,   17.3,  11.2,   6,   0.0,    4.467,   0,eor
     3015,20130902,   3,   7.5,   83.88,  13.7,   14.2, 1004.16,   6.8,   11.4,   12.4,   16.1,  15.3,   6,  16.8,    0.000,   0,eor
     3015,20130903,   3,   7.9,   95.79,  18.0,   16.4, 1009.72,   2.6,   15.0,   15.1,   18.1,  13.6,   6,   1.2,    0.017,   0,eor
     3015,20130904,   3,   5.9,   85.17,  16.5,   17.1, 1012.07,   1.9,   13.1,   14.3,   21.0,   7.4,   0,   0.0,    4.217,   0,eor
     3015,20130905,   3,   2.3,   72.17,  14.5,   17.9, 1007.72,   2.8,   11.8,   12.9,   23.3,   7.8,   0,   0.0,   11.783,   0,eor
     3015,20130906,   3,   0.0,   56.00,  11.6,   18.7, 1003.82,   3.9,   11.5,   12.5,   24.5,   9.7,   0,   0.0,   12.533,   0,eor
     3015,20130907,   3,   0.9,   49.96,  10.6,   19.0, 1006.73,   3.6,   11.6,   13.0,   25.5,   8.1,   0,   0.0,   12.000,   0,eor
     3015,20130908,   3,   5.5,   54.00,  11.7,   19.0, 1005.89,   3.4,   11.5,   13.2,   24.0,  10.0,   6,   0.1,    6.783,   0,eor
     3015,20130909,   3,   6.2,   87.25,  13.3,   13.3, 1001.68,   3.4,    8.1,    9.4,   16.4,  15.0,   6,   5.9,    0.167,   0,eor
     3015,20130910,   3,   5.5,   86.79,  12.5,   12.5, 1000.82,   2.8,    7.6,    8.9,   19.1,   8.1,   6,   2.8,    0.917,   0,eor
     3015,20130911,   3,   4.4,   87.33,  11.7,   11.3,  999.45,   2.4,    7.0,    8.0,   14.9,   7.7,   6,   0.1,    3.300,   0,eor
     3015,20130912,   3,   7.6,   87.88,  12.7,   12.5, 1000.88,   1.6,    9.5,    9.7,   17.5,   5.0,   6,   0.0,    1.650,   0,eor
     3015,20130913,   3,   6.2,   80.50,  13.3,   14.7, 1003.92,   2.8,    8.2,   10.2,   19.3,   9.3,   6,   0.0,    5.550,   0,eor
     3015,20130914,   3,   5.8,   79.29,  13.9,   15.6, 1000.68,   2.7,   11.2,   12.1,   21.2,   7.1,   0,   0.0,    6.917,   0,eor
     3015,20130915,   3,   7.3,   84.63,  14.1,   14.7,  996.22,   3.0,   12.5,   13.2,   18.1,  10.3,   6,   0.2,    1.400,   0,eor
     3015,20130916,   3,   7.7,   86.92,  13.2,   13.2,  988.93,   3.2,   10.1,   10.3,   16.4,  11.2,   6,   6.8,    0.667,   0,eor
     3015,20130917,   3,   5.3,   78.46,   9.9,   10.7,  989.48,   3.5,    5.5,    7.0,   15.3,   9.4,   0,   0.0,    6.567,   0,eor
     3015,20130918,   3,   6.6,   90.92,  10.6,    9.0,  985.51,   3.1,    4.5,    5.9,   12.5,   8.5,   6,   2.7,    0.317,   0,eor
     3015,20130919,   3,   5.6,   85.88,  10.9,   10.6,  995.48,   4.0,    6.8,    7.8,   14.7,   9.6,   6,   1.6,    2.500,   0,eor
     3015,20130920,   3,   7.9,   92.13,  12.8,   11.8, 1000.18,   2.1,    8.8,    9.4,   14.0,   6.7,   6,   9.0,    0.033,   0,eor
     3015,20130921,   3,   6.7,   89.46,  13.1,   12.8, 1010.46,   2.2,    8.3,   10.5,   17.1,   7.1,   6,   0.0,    2.867,   0,eor
     3015,20130922,   3,   7.6,   81.29,  13.0,   14.1, 1011.17,   4.2,    9.3,   10.2,   17.3,  12.5,   6,   0.3,    2.117,   0,eor
     3015,20130923,   3,   7.8,   86.88,  15.1,   15.3, 1005.22,   5.7,   13.1,   13.3,   17.0,  14.7,   6,   2.5,    0.367,   0,eor
     3015,20130924,   3,   7.4,   97.21,  14.1,   12.5, 1002.01,   3.0,    6.7,    9.4,   14.1,   9.3,   6,   3.9,    0.000,   0,eor
     3015,20130925,   3,   6.0,   88.83,  10.7,    9.8, 1001.28,   2.3,    3.7,    5.8,   12.7,   8.8,   6,   1.9,    0.450,   0,eor
     3015,20130926,   3,   5.8,   93.17,  10.2,    8.3, 1000.50,   2.3,    2.4,    5.0,   11.5,   9.0,   6,   1.2,    1.033,   0,eor
     3015,20130927,   3,   3.6,   84.88,   9.2,    8.5, 1005.50,   2.9,    1.4,    3.4,   14.7,   7.7,   0,   0.0,    7.750,   0,eor
     3015,20130928,   3,   2.9,   85.42,   9.6,    8.9, 1004.50,   2.0,    1.9,    4.3,   15.4,   6.2,   0,   0.0,    4.583,   0,eor
     3015,20130929,   3,   1.3,   77.04,   8.6,    8.9, 1005.86,   3.3,    3.7,    4.8,   14.2,   9.9,   0,   0.0,   10.783,   0,eor
     3015,20130930,   3,   2.0,   73.83,   7.8,    8.3, 1004.19,   3.6,    2.5,    3.8,   13.7,  12.1,   0,   0.0,   10.633,   0,eor
     3015,20131001,   3,   2.3,   72.00,   7.5,    7.9, 1005.87,   2.9,    2.1,    3.6,   13.8,   7.7,   0,   0.0,    7.883,   0,eor
     3015,20131002,   3,   1.4,   67.00,   6.8,    7.5, 1013.48,   3.0,    1.4,    3.3,   12.6,   8.0,   0,   0.0,   10.750,   0,eor
     3015,20131003,   3,   0.0,   65.17,   6.0,    6.3, 1016.55,   4.3,    0.4,    1.6,   11.6,  11.7,   0,   0.0,   10.767,   0,eor
     3015,20131004,   3,   3.0,   57.96,   6.0,    8.0, 1011.61,   4.2,    0.6,    1.9,   14.3,  11.2,   0,   0.0,    9.100,   0,eor
     3015,20131005,   3,   5.7,   63.25,   7.5,    9.5, 1005.99,   2.3,    3.8,    4.8,   14.3,   6.6,   0,   0.0,    5.083,   0,eor
     3015,20131006,   3,   7.9,   92.92,  12.6,   11.4, 1010.97,   1.6,    9.5,    9.5,   13.4,   3.7,   6,   0.0,    0.000,   0,eor
     3015,20131007,   3,   7.8,   87.13,  13.2,   13.3, 1014.69,   1.3,   11.0,   11.7,   16.2,   3.6,   0,   0.0,    0.000,   0,eor
     3015,20131008,   3,   4.5,   80.75,  11.5,   12.4, 1012.37,   1.6,    4.4,    7.3,   17.3,   3.7,   0,   0.0,    4.883,   0,eor
     3015,20131009,   3,   6.5,   82.21,  11.5,   12.1, 1003.62,   2.6,    4.1,    6.9,   15.8,   7.4,   6,   0.9,    0.267,   0,eor
     3015,20131010,   3,   8.0,   95.25,  12.7,   11.2,  994.54,   2.3,    9.2,    9.0,   13.2,   7.2,   6,  14.6,    0.000,   0,eor
     3015,20131011,   3,   7.7,   86.33,  13.3,   13.6, 1002.70,   3.7,   10.0,   10.4,   18.1,  10.5,   6,   4.8,    1.683,   0,eor
     3015,20131012,   3,   7.8,   93.71,  13.6,   12.5, 1006.15,   3.1,    9.7,   10.3,   13.9,  17.5,   6,   2.5,    0.000,   0,eor
     3015,20131013,   3,   4.5,   87.71,   9.9,    8.8, 1007.59,   2.4,    2.1,    4.6,   12.3,   8.3,   0,   0.0,    4.333,   0,eor
     3015,20131014,   3,   5.2,   80.79,   9.9,   10.2, 1007.04,   2.7,    3.2,    4.7,   16.7,   6.4,   6,   0.0,    7.517,   0,eor
     3015,20131015,   3,   6.6,   90.67,  11.2,   10.0,  997.27,   2.3,    4.9,    7.1,   12.9,   5.9,   6,   9.4,    1.017,   0,eor
     3015,20131016,   3,   7.5,   94.88,  10.6,    8.6,  998.97,   2.4,    4.7,    6.4,   10.4,   7.0,   6,   0.0,    0.050,   0,eor
     3015,20131017,   3,   6.6,   87.29,  10.9,   10.3,  996.17,   5.3,    4.7,    5.5,   14.7,  17.9,   6,   4.7,    1.233,   0,eor
     3015,20131018,   3,   4.4,   78.96,   9.0,    8.9, 1003.45,   4.7,    0.9,    3.8,   12.2,  14.2,   0,   0.0,    4.750,   0,eor
     3015,20131019,   3,   4.7,   81.83,   8.6,    7.6, 1004.79,   3.1,   -0.4,    1.9,   13.5,   7.4,   6,   0.0,    6.850,   0,eor
     3015,20131020,   3,   7.0,   85.79,  14.6,   14.9, 1000.93,   3.1,   10.3,   11.1,   19.0,   9.2,   6,  11.2,    3.833,   0,eor
     3015,20131021,   3,   5.7,   86.67,  13.9,   14.1, 1002.46,   3.6,    9.6,   11.6,   17.6,   8.9,   0,   0.0,    5.150,   0,eor
     3015,20131022,   3,   3.4,   84.08,  13.9,   14.7, 1000.96,   2.8,    8.6,    9.6,   20.6,   7.0,   0,   0.0,    8.400,   0,eor
     3015,20131023,   3,   5.3,   78.50,  14.4,   16.1,  996.56,   3.5,   11.1,   12.6,   19.7,  10.0,   6,   0.0,    2.350,   0,eor
     3015,20131024,   3,   3.3,   83.71,  12.8,   13.4, 1004.30,   3.3,    4.8,    9.2,   17.0,   8.8,   0,   0.0,    4.917,   0,eor
     3015,20131025,   3,   5.9,   88.33,  12.5,   11.9, 1005.21,   2.7,    3.5,    6.3,   15.7,   6.2,   6,   0.0,    0.367,   0,eor
     3015,20131026,   3,   6.2,   85.58,  15.0,   15.3, 1000.36,   3.5,   12.1,   12.6,   18.3,  10.2,   6,   6.4,    1.033,   0,eor
     3015,20131027,   3,   5.8,   82.33,  14.3,   15.3,  994.31,   5.5,   10.4,   11.5,   18.6,  16.2,   6,   5.5,    2.717,   0,eor
     3015,20131028,   3,   6.0,   69.46,  11.9,   15.2,  989.19,   7.3,   10.6,   11.8,   20.7,  23.0,   6,   1.7,    0.317,   0,eor
     3015,20131029,   3,   3.5,   65.88,   9.3,   12.1,  998.39,   6.0,    7.1,    8.3,   14.8,  14.9,   0,   0.0,    4.100,   0,eor
     3015,20131030,   3,   2.7,   76.54,   8.5,    8.5, 1008.19,   4.5,    0.5,    4.8,   12.4,  10.9,   6,   0.8,    6.000,   0,eor
     3015,20131031,   3,   1.0,   79.46,   7.3,    6.1, 1012.25,   2.7,   -0.1,    1.6,   11.7,   8.6,   0,   0.0,    8.633,   0,eor
     3015,20131101,   3,   6.3,   81.00,   8.6,    7.7, 1004.07,   3.3,    2.3,    3.9,   10.3,   7.9,   6,   0.2,    0.533,   0,eor
     3015,20131102,   3,   8.0,   92.79,  11.2,    9.6,  992.20,   3.1,    6.1,    6.6,   12.1,   7.8,   6,   3.7,    0.000,   0,eor
     3015,20131103,   3,   6.0,   88.96,  10.8,    9.7,  988.56,   4.8,    5.1,    6.5,   12.1,  12.6,   6,   2.2,    0.233,   0,eor
     3015,20131104,   3,   6.5,   79.29,   8.9,    8.6,  980.70,   5.3,    4.4,    5.7,   12.5,  14.6,   6,   1.1,    0.017,   0,eor
     3015,20131105,   3,   6.0,   84.04,   8.5,    7.1,  983.39,   4.4,    2.3,    3.7,    9.4,  10.7,   6,   0.8,    1.417,   0,eor
     3015,20131106,   3,   7.1,   88.83,   8.4,    6.2,  985.18,   4.7,    3.2,    3.8,    8.9,  13.6,   6,   6.7,    0.617,   0,eor
     3015,20131107,   3,   8.0,   95.25,  12.4,   10.7,  992.12,   4.6,    6.6,    7.1,   14.8,  14.4,   6,   5.9,    0.000,   0,eor
     3015,20131108,   3,   7.5,   96.54,  11.0,    8.9,  997.21,   1.7,    5.1,    7.1,   10.3,   7.4,   6,   2.3,    0.433,   0,eor
     3015,20131109,   3,   4.9,   79.17,   9.2,    9.0,  994.95,   5.1,    2.2,    3.9,   12.0,  15.4,   6,   0.0,    1.167,   0,eor
     3015,20131110,   3,   5.5,   84.00,   7.7,    5.7,  993.82,   3.5,    1.2,    2.8,    8.6,   8.7,   6,   0.0,    0.017,   0,eor
     3015,20131111,   3,   5.0,   93.96,   8.0,    4.7, 1013.82,   2.6,   -1.5,    1.0,    7.6,   5.8,   6,   0.0,    0.250,   0,eor
     3015,20131112,   3,   4.5,   87.88,   6.9,    3.6, 1014.33,   2.6,   -1.9,   -0.3,    7.9,   5.8,   6,   2.1,    3.683,   0,eor
     3015,20131113,   3,   4.5,   92.42,   8.5,    5.7, 1014.41,   3.2,   -1.4,    2.0,    9.2,   9.0,   0,   0.0,    3.117,   0,eor
     3015,20131114,   3,   4.8,   96.71,   7.3,    2.9, 1009.99,   2.2,   -2.1,   -0.4,    7.1,   5.4,   0,   0.0,    2.683,   0,eor
     3015,20131115,   3,   8.0,   90.46,   7.2,    3.7, 1014.88,   1.4,    2.9,    3.0,    4.3,   5.6,   0,   0.0,    0.000,   0,eor
     3015,20131116,   3,   5.9,   88.21,   6.5,    2.7, 1016.35,   3.7,   -1.9,    0.2,    5.6,   7.7,   6,   0.0,    3.517,   0,eor
     3015,20131117,   3,   7.9,   97.00,   7.6,    3.5, 1012.35,   2.3,    1.2,    1.2,    5.4,   7.5,   6,   0.1,    0.000,   0,eor
     3015,20131118,   3,   7.8,   90.29,   8.0,    5.2, 1000.80,   2.9,    3.3,    3.8,    6.3,   8.3,   0,   0.0,    0.250,   0,eor
     3015,20131119,   3,   8.0,   86.04,   8.4,    6.6,  994.40,   1.8,    4.0,    5.7,    8.2,   5.2,   6,   4.5,    0.000,   0,eor
     3015,20131120,   3,   8.0,   97.08,   8.2,    4.5,  988.75,   2.8,    3.3,    3.2,    6.5,   7.8,   6,   2.5,    0.000,   0,eor
     3015,20131121,   3,   8.0,   95.13,   7.3,    3.2,  991.94,   2.2,    2.8,    2.8,    3.9,   8.8,   6,   5.7,    0.000,   0,eor
     3015,20131122,   3,   8.0,   98.63,   8.1,    4.2,  996.37,   2.5,    2.9,    2.9,    5.3,   7.8,   6,   0.8,    0.000,   0,eor
     3015,20131123,   3,   8.0,   97.17,   9.0,    5.8, 1002.85,   2.1,    4.2,    4.4,    6.9,   8.6,   6,   0.0,    0.000,   0,eor
     3015,20131124,   3,   5.5,   89.46,   6.6,    2.6, 1004.23,   3.3,   -3.1,   -1.4,    4.4,  13.4,   6,   0.5,    0.000,   0,eor
     3015,20131125,   3,   1.2,   85.17,   5.3,    0.2, 1011.01,   4.1,   -3.9,   -2.1,    4.0,   9.1,   0,   0.0,    7.300,   0,eor
     3015,20131126,   3,   1.0,   86.38,   4.8,   -1.2, 1017.35,   2.3,   -7.5,   -3.7,    3.1,   5.8,   0,   0.0,    7.433,   0,eor
     3015,20131127,   3,   5.6,   93.13,   5.4,   -1.0, 1017.07,   4.1,   -7.6,   -4.5,    3.0,  10.4,   6,   0.1,    1.350,   0,eor
     3015,20131128,   3,   7.4,   85.79,   7.8,    5.7, 1010.31,   6.1,    2.5,    2.9,    7.6,  14.8,   6,   0.3,    0.900,   0,eor
     3015,20131129,   3,   6.8,   90.42,   7.5,    4.2, 1002.97,   5.2,    0.8,    2.6,    5.7,  14.4,   6,   6.7,    0.000,   0,eor
     3015,20131130,   3,   7.6,   96.83,   7.7,    3.6, 1000.84,   3.9,    1.6,    2.8,    4.4,  12.2,   6,   0.3,    0.000,   0,eor
     3015,20131201,   3,   7.3,   91.92,   8.1,    5.1, 1010.41,   5.6,   -1.4,    2.6,    7.1,  13.5,   6,   0.0,    0.017,   0,eor
     3015,20131202,   3,   4.2,   96.54,   6.4,    1.2, 1021.33,   1.9,   -4.9,   -1.4,    6.6,   4.6,   6,   0.0,    5.983,   0,eor
     3015,20131203,   3,   4.5,   95.08,   5.7,   -0.3, 1016.37,   2.5,   -5.0,   -2.2,    2.6,   5.7,   0,   0.0,    4.767,   0,eor
     3015,20131204,   3,   5.8,   97.58,   6.0,    0.0, 1008.03,   4.4,   -5.2,   -2.9,    4.0,  11.5,   6,   2.5,    0.000,   0,eor
     3015,20131205,   3,   7.0,   89.17,   6.5,    2.5,  998.60,   7.8,    0.0,    0.4,    3.9,  23.9,   8,   2.4,    0.467,   0,eor
     3015,20131206,   3,   6.7,   84.25,   5.5,    0.9,  989.75,  11.4,   -0.1,    0.0,    2.0,  27.1,   8,   0.4,    0.000,   0,eor
     3015,20131207,   3,   6.1,   81.33,   5.2,    0.7, 1004.25,   7.4,   -1.0,   -0.1,    2.0,  19.2,   7,   2.5,    1.533,   0,eor
     3015,20131208,   3,   8.0,   95.00,   7.1,    2.7, 1007.33,   4.6,   -0.9,   -0.4,    7.1,  15.1,   8,   4.7,    0.000,   4,eor
     3015,20131209,   3,   8.0,   97.21,  10.4,    7.9, 1007.97,   5.6,    5.7,    6.3,    8.6,  15.1,   6,   5.4,    0.000,   0,eor
     3015,20131210,   3,   8.0,   99.54,  10.2,    7.3, 1020.79,   2.5,    5.6,    5.5,    8.9,   7.0,   6,   0.4,    0.000,   0,eor
     3015,20131211,   3,   8.0,   97.13,   8.9,    5.7, 1020.74,   3.3,    4.1,    3.9,    7.8,   7.2,   6,   0.0,    0.000,   0,eor
     3015,20131212,   3,   8.0,   99.25,   7.4,    2.7, 1016.93,   2.5,    2.1,    1.7,    3.9,   6.2,   0,   0.0,    0.000,   0,eor
     3015,20131213,   3,   7.2,  100.00,   6.2,    0.2, 1011.47,   2.4,   -1.2,   -0.7,    2.1,   5.6,   0,   0.0,    0.517,   0,eor
     3015,20131214,   3,   8.0,   99.38,   6.4,    0.7, 1011.90,   3.4,   -0.7,   -1.1,    3.5,   8.4,   6,   0.0,    0.000,   0,eor
     3015,20131215,   3,   6.3,   93.17,   7.5,    3.8, 1014.91,   4.3,    0.3,    1.2,    5.7,  10.4,   6,   0.2,    0.000,   0,eor
     3015,20131216,   3,   2.3,   73.92,   6.1,    4.6, 1014.01,   3.9,   -1.1,    0.3,   10.2,   9.4,   0,   0.0,    6.600,   0,eor
     3015,20131217,   3,   3.6,   72.54,   5.7,    3.7, 1012.30,   3.1,   -1.6,    0.0,    8.4,   7.9,   0,   0.0,    4.817,   0,eor
     3015,20131218,   3,   6.3,   87.83,   5.6,    0.6, 1008.84,   3.1,   -2.0,   -1.3,    2.7,   6.1,   0,   0.0,    1.167,   0,eor
     3015,20131219,   3,   6.5,   83.50,   5.8,    1.7,  998.98,   3.7,   -1.1,   -0.2,    4.2,   8.8,   6,   0.3,    0.000,   0,eor
     3015,20131220,   3,   6.0,   88.96,   6.8,    3.0, 1008.72,   3.5,   -1.3,    0.7,    6.0,  10.0,   6,   0.0,    0.000,   0,eor
     3015,20131221,   3,   4.8,   75.71,   6.0,    3.6, 1013.82,   5.3,    0.4,    1.6,    6.5,  14.9,   6,   0.2,    4.083,   0,eor
     3015,20131222,   3,   7.4,   79.67,   8.3,    7.4, 1003.90,   4.8,    1.6,    2.6,   10.3,  16.1,   6,   3.4,    1.117,   0,eor
     3015,20131223,   3,   4.6,   84.21,   8.0,    6.3, 1002.25,   4.7,    1.8,    3.6,   10.1,  13.1,   0,   0.0,    3.667,   0,eor
     3015,20131224,   3,   7.1,   74.00,   7.4,    6.9,  990.47,   4.5,    4.2,    5.6,    7.8,  12.3,   0,   0.0,    0.250,   0,eor
     3015,20131225,   3,   7.7,   77.00,   7.9,    7.4,  982.37,   3.0,    2.6,    5.3,    9.4,   9.5,   6,   0.2,    0.267,   0,eor
     3015,20131226,   3,   7.2,   93.00,   8.2,    5.2,  983.65,   2.4,   -0.4,    2.7,    7.4,   7.0,   6,   0.2,    1.783,   0,eor
     3015,20131227,   3,   4.6,   81.92,   7.7,    6.1,  992.28,   4.3,    3.7,    4.8,    7.8,  11.8,   0,   0.0,    3.933,   0,eor
     3015,20131228,   3,   5.9,   74.75,   7.3,    6.7,  990.98,   3.8,    3.6,    5.0,    8.1,   9.7,   6,   1.9,    0.050,   0,eor
     3015,20131229,   3,   7.1,   87.71,   8.0,    5.6, 1000.62,   4.6,    0.9,    2.4,    6.5,  14.9,   6,   0.1,    0.000,   0,eor
     3015,20131230,   3,   1.5,   87.67,   6.2,    1.9, 1013.27,   3.3,   -3.8,   -1.6,    5.5,   8.8,   0,   0.0,    7.000,   0,eor
     3015,20131231,   3,   2.3,   90.75,   5.7,    0.3, 1008.56,   3.1,   -3.5,   -1.9,    3.5,   6.8,   0,   0.0,    4.633,   0,eor
     3015,20140101,   3,   3.5,   88.04,   5.8,    1.1, 1001.20,   3.1,   -2.6,   -1.3,    4.1,   7.8,   6,   0.0,    1.683,   0,eor
     3015,20140102,   3,   5.9,   84.63,   6.4,    3.0,  995.03,   3.4,   -1.3,    0.1,    5.7,   7.6,   6,   0.0,    0.800,   0,eor
     3015,20140103,   3,   5.2,   85.63,   7.5,    5.2,  997.11,   3.4,    0.2,    1.7,    8.4,   9.3,   6,   0.0,    4.900,   0,eor
     3015,20140104,   3,   6.2,   80.46,   7.7,    6.4,  996.00,   4.0,    2.8,    4.6,    8.6,  11.6,   6,   0.4,    1.533,   0,eor
     3015,20140105,   3,   6.3,   92.92,   8.4,    5.5,  992.84,   3.6,   -1.3,    1.6,    7.4,   8.6,   6,   1.7,    0.217,   0,eor
     3015,20140106,   3,   4.7,   88.67,   7.0,    3.7,  999.36,   3.5,   -1.6,   -0.3,    6.7,   8.8,   6,   5.6,    2.133,   0,eor
     3015,20140107,   3,   4.3,   86.38,   9.2,    8.0, 1001.66,   4.6,    4.2,    6.0,   11.2,  12.5,   6,   1.7,    6.483,   0,eor
     3015,20140108,   3,   6.2,   87.29,   9.3,    7.8, 1003.63,   4.7,    1.0,    4.0,   10.7,  16.0,   6,   3.0,    0.783,   0,eor
     3015,20140109,   3,   6.5,   87.17,   8.8,    7.1,  995.25,   5.1,    1.1,    2.5,   12.0,  16.6,   6,   0.9,    0.067,   0,eor
     3015,20140110,   3,   7.7,   72.75,   7.0,    6.3,  997.64,   8.4,    4.1,    5.0,    7.8,  17.8,   6,   0.0,    0.100,   0,eor
     3015,20140111,   3,   4.7,   82.25,   7.0,    4.7, 1000.38,   5.4,    2.2,    3.1,    7.3,  15.7,   6,   2.6,    6.400,   0,eor
     3015,20140112,   3,   6.8,   79.83,   6.4,    3.9, 1005.27,   7.2,   -0.3,    0.8,    5.2,  19.9,   6,   0.0,    1.117,   0,eor
     3015,20140113,   3,   6.5,   89.71,   6.0,    1.3, 1001.43,   2.6,   -3.8,   -1.0,    3.4,   7.2,   0,   0.0,    0.067,   0,eor
     3015,20140114,   3,   8.0,   95.96,   7.2,    2.9,  996.45,   1.8,    1.3,    1.6,    3.8,   5.5,   6,   1.9,    0.000,   0,eor
     3015,20140115,   3,   8.0,   95.46,   6.7,    1.9,  998.07,   1.6,    1.0,    1.1,    3.1,   5.5,   6,   0.0,    0.000,   0,eor
     3015,20140116,   3,   8.0,   98.46,   6.7,    1.5,  994.67,   3.8,    0.4,    0.7,    2.8,  10.2,   8,   6.2,    0.000,   0,eor
     3015,20140117,   3,   7.8,   97.21,   8.2,    4.5,  991.97,   2.3,    0.6,    2.8,    6.1,   5.5,   6,   0.2,    0.000,   0,eor
     3015,20140118,   3,   5.4,   94.00,   7.2,    3.1,  995.87,   3.5,   -1.2,    0.0,    7.4,  12.5,   6,   0.0,    5.417,   0,eor
     3015,20140119,   3,   8.0,   96.67,   6.1,    0.3,  994.75,   4.6,   -2.2,   -2.6,    4.0,  11.6,   6,   0.0,    0.000,   0,eor
     3015,20140120,   3,   8.0,   96.63,   5.0,   -2.4,  994.70,   3.8,   -2.7,   -3.0,   -1.8,  10.7,   8,   0.7,    0.000,   0,eor
     3015,20140121,   3,   8.0,   95.50,   4.5,   -3.5,  999.01,   2.1,   -4.3,   -4.7,   -2.3,   5.5,   7,   1.3,    0.000,   0,eor
     3015,20140122,   3,   8.0,   93.08,   3.8,   -5.5, 1004.52,   2.4,   -5.9,   -6.1,   -4.6,   6.3,   7,   0.0,    0.000,   2,eor
     3015,20140123,   3,   7.8,   90.33,   3.6,   -5.9, 1007.03,   3.2,   -6.4,   -6.7,   -5.3,   8.5,   7,   0.0,    0.017,   2,eor
     3015,20140124,   3,   7.6,   85.38,   3.1,   -7.3, 1006.49,   3.9,  -13.8,  -13.0,   -5.4,  10.9,   7,   0.6,    0.000,   2,eor
     3015,20140125,   3,   4.9,   80.50,   1.9,  -12.1, 1010.61,   2.9,  -16.6,  -13.9,   -8.7,   9.7,   7,   0.0,    6.367,   2,eor
     3015,20140126,   3,   6.0,   83.08,   2.0,  -11.9,  998.77,   3.9,  -15.1,  -14.3,   -9.1,  11.1,   7,   0.0,    3.867,   2,eor
     3015,20140127,   3,   7.5,   90.79,   3.9,   -5.0,  987.36,   4.3,   -8.7,   -9.2,   -2.4,   9.6,   7,   0.9,    0.000,   2,eor
     3015,20140128,   3,   6.2,   91.38,   4.1,   -4.1,  993.44,   3.7,   -7.3,   -6.7,   -2.2,   9.4,   7,   0.0,    0.000,   3,eor
     3015,20140129,   3,   7.8,   83.42,   3.1,   -6.6,  997.04,   4.4,   -8.0,   -7.5,   -5.6,  11.1,   7,   0.0,    0.000,   3,eor
     3015,20140130,   3,   7.4,   85.25,   3.4,   -5.6, 1001.81,   5.0,   -7.9,   -7.3,   -3.7,  11.2,   7,   0.0,    0.383,   3,eor
     3015,20140131,   3,   5.9,   86.21,   4.8,   -1.5,  998.48,   3.8,   -6.1,   -5.6,    2.0,  11.2,   7,   0.0,    0.000,   3,eor
     3015,20140201,   3,   5.5,   85.00,   5.9,    1.8,  994.27,   3.3,   -5.2,   -2.0,    5.8,   8.0,   6,   6.8,    5.850,   3,eor
     3015,20140202,   3,   8.0,   93.96,   6.4,    1.5, 1001.59,   2.3,    0.7,    0.9,    2.3,   5.6,   6,   0.3,    0.000,   0,eor
     3015,20140203,   3,   5.5,   92.71,   6.1,    0.9, 1004.75,   3.1,   -1.6,   -0.4,    3.3,   8.3,   6,   0.0,    1.167,   0,eor
     3015,20140204,   3,   0.3,   78.46,   5.1,    1.0,  999.93,   3.3,   -2.5,   -1.5,    5.7,   9.2,   0,   0.0,    8.033,   0,eor
     3015,20140205,   3,   2.2,   83.96,   5.4,    0.7,  992.61,   3.0,   -3.4,   -2.3,    5.2,   8.1,   0,   0.0,    7.817,   0,eor
     3015,20140206,   3,   6.2,   80.96,   6.6,    4.0,  993.43,   3.8,    0.2,    0.9,    8.6,   9.4,   6,   0.0,    2.050,   0,eor
     3015,20140207,   3,   7.3,   71.42,   6.7,    6.1,  985.73,   5.1,    0.6,    1.9,   10.5,  16.9,   6,   0.0,    0.350,   0,eor
     3015,20140208,   3,   6.3,   69.29,   6.6,    6.3,  987.28,   4.0,    1.6,    3.3,    9.4,  12.5,   6,   0.2,    4.133,   0,eor
     3015,20140209,   3,   4.9,   68.42,   6.4,    6.1,  984.41,   4.6,    0.1,    1.9,    8.6,  13.2,   0,   0.0,    3.817,   0,eor
     3015,20140210,   3,   4.0,   72.88,   5.6,    3.6,  988.27,   3.2,   -2.8,   -1.3,    9.4,   8.8,   0,   0.0,    7.300,   0,eor
     3015,20140211,   3,   6.2,   73.58,   6.3,    4.7,  988.60,   5.0,   -0.9,    1.2,    8.1,  13.1,   6,   0.0,    1.083,   0,eor
     3015,20140212,   3,   2.7,   75.67,   5.6,    2.7,  994.70,   3.4,   -2.3,   -0.9,    7.5,   8.4,   8,   0.0,    3.717,   0,eor
     3015,20140213,   3,   6.6,   73.79,   6.2,    4.6,  986.23,   4.0,   -1.3,   -0.4,    9.4,  16.4,   6,   0.8,    3.467,   0,eor
     3015,20140214,   3,   6.3,   78.04,   6.5,    4.4,  993.06,   5.5,   -1.8,    1.6,    8.3,  15.4,   8,   0.0,    3.900,   0,eor
     3015,20140215,   3,   7.6,   73.21,   7.0,    6.2,  990.15,   4.5,    2.3,    2.9,    9.6,  11.2,   6,   1.5,    0.050,   0,eor
     3015,20140216,   3,   4.5,   77.21,   7.5,    6.6,  994.28,   5.7,    0.7,    2.5,    9.8,  14.6,   6,   0.1,    4.883,   0,eor
     3015,20140217,   3,   5.0,   76.58,   6.7,    5.2, 1001.89,   3.7,   -0.7,    0.5,   10.3,   9.2,   6,   0.1,    6.983,   0,eor
     3015,20140218,   3,   5.0,   81.79,   6.6,    4.0, 1003.92,   2.4,   -3.0,   -0.3,    7.9,   4.8,   0,   0.0,    4.100,   0,eor
     3015,20140219,   3,   7.8,   84.29,   7.5,    5.2,  998.49,   3.7,    1.1,    2.4,    8.2,  10.7,   6,   0.0,    0.200,   0,eor
     3015,20140220,   3,   5.1,   82.25,   7.7,    6.1,  999.70,   2.9,    1.4,    3.1,   10.2,   8.4,   0,   0.0,    3.900,   0,eor
     3015,20140221,   3,   6.7,   87.79,   8.3,    6.0,  994.14,   3.5,    0.6,    2.6,    8.8,  11.1,   6,   1.1,    0.133,   0,eor
     3015,20140222,   3,   2.2,   76.33,   6.6,    5.2, 1001.96,   3.7,   -1.4,    0.7,   10.2,  10.6,   0,   0.0,    8.350,   0,eor
     3015,20140223,   3,   1.7,   76.79,   6.5,    4.8, 1010.24,   2.9,   -2.7,    0.5,   10.3,   8.6,   0,   0.0,    9.267,   0,eor
     3015,20140224,   3,   0.6,   67.54,   5.8,    5.2, 1008.48,   3.5,   -2.3,    0.1,   12.3,   8.3,   0,   0.0,    9.983,   0,eor
     3015,20140225,   3,   0.4,   77.21,   6.8,    5.3, 1002.78,   3.3,   -2.7,   -0.1,   13.1,   6.7,   0,   0.0,    9.500,   0,eor
     3015,20140226,   3,   5.5,   76.00,   7.2,    6.4, 1004.15,   2.5,   -0.1,    1.3,   13.3,   4.9,   0,   0.0,    8.800,   0,eor
     3015,20140227,   3,   4.8,   79.08,   7.3,    6.0, 1003.44,   2.1,    0.0,    1.7,   11.4,   5.8,   6,   0.1,    7.167,   0,eor
     3015,20140228,   3,   6.8,   82.58,   7.2,    4.9,  994.30,   2.4,   -1.0,    1.9,    7.7,   7.3,   6,   0.0,    1.583,   0,eor
     3015,20140301,   3,   3.5,   76.88,   6.9,    5.7,  991.54,   2.8,   -2.4,    0.9,   11.8,   6.6,   0,   0.0,    8.733,   0,eor
     3015,20140302,   3,   4.4,   78.58,   7.2,    5.8,  990.96,   2.6,   -1.2,    1.3,   10.9,   8.2,   0,   0.0,    6.867,   0,eor
     3015,20140303,   3,   5.1,   76.38,   6.7,    5.2,  985.80,   4.4,   -0.4,    0.2,   10.1,  10.0,   0,   0.0,    7.333,   0,eor
     3015,20140304,   3,   7.5,   80.92,   7.5,    6.0,  991.09,   3.0,    3.4,    3.9,   11.1,   7.4,   6,   0.1,    3.683,   0,eor
     3015,20140305,   3,   7.0,   87.71,   8.1,    5.9, 1003.44,   1.9,    0.4,    2.8,    9.6,   5.0,   6,   0.1,    0.683,   0,eor
     3015,20140306,   3,   6.0,   90.50,   8.2,    5.5, 1016.28,   1.5,   -3.2,    0.2,    9.0,   5.1,   6,   0.0,    1.633,   0,eor
     3015,20140307,   3,   6.4,   80.96,   6.4,    3.9, 1015.05,   2.1,   -2.2,   -2.4,   11.0,   5.2,   0,   0.0,    8.317,   0,eor
     3015,20140308,   3,   2.5,   59.13,   5.5,    6.6, 1019.91,   2.2,   -2.3,    1.4,   12.8,   6.5,   0,   0.0,    9.067,   0,eor
     3015,20140309,   3,   2.7,   64.75,   6.4,    7.5, 1020.39,   3.1,   -1.8,    0.7,   16.6,   6.7,   0,   0.0,   10.033,   0,eor
     3015,20140310,   3,   1.2,   52.38,   5.7,    8.9, 1014.45,   2.5,   -2.1,    2.1,   16.6,   6.5,   0,   0.0,   10.783,   0,eor
     3015,20140311,   3,   0.0,   62.50,   6.7,    7.9, 1017.85,   2.5,   -3.3,    0.6,   14.5,   8.1,   0,   0.0,   10.717,   0,eor
     3015,20140312,   3,   0.6,   46.58,   4.8,    8.1, 1021.46,   2.5,   -0.9,    3.3,   14.3,   6.0,   0,   0.0,   11.167,   0,eor
     3015,20140313,   3,   0.1,   43.71,   5.0,    9.6, 1015.14,   1.6,   -0.8,    3.8,   17.6,   3.8,   0,   0.0,   10.967,   0,eor
     3015,20140314,   3,   2.8,   64.54,   6.4,    7.3, 1009.50,   3.3,   -3.4,    0.5,   14.0,  10.3,   6,   2.0,   10.550,   0,eor
     3015,20140315,   1,   7.3,   61.08,   6.5,    8.1,  995.43,   8.5,    4.8,    5.2,   11.2,  20.4,   6,   2.8,    2.783,   0,eor
     3015,20140316,   1,   7.9,   87.13,   9.8,    8.6,  992.78,   8.8,    5.0,    5.2,   10.7,  20.2,   6,   1.0,    0.000,   0,eor
     3015,20140317,   1,   7.6,   77.63,   9.3,    9.7,  999.83,   7.7,    7.1,    8.3,   11.6,  17.2,   6,   0.1,    0.083,   0,eor
     3015,20140318,   1,   7.3,   72.75,   8.7,    9.7,  999.38,   5.0,    6.4,    7.4,   12.3,  11.6,   6,   2.5,    0.717,   0,eor
     3015,20140319,   1,   7.8,   85.13,   9.5,    8.7, 1001.38,   6.3,    5.8,    5.9,   11.0,  15.0,   6,   1.1,    0.267,   0,eor
     3015,20140320,   1,   3.8,   59.04,   8.4,   12.6, 1003.91,   4.6,    5.7,    7.3,   18.8,  10.9,   0,   0.0,   10.767,   0,eor
     3015,20140321,   1,   4.2,   51.04,   8.2,   14.7,  995.06,   6.7,    3.6,    5.9,   21.5,  19.3,   6,   0.6,    9.417,   0,eor
     3015,20140322,   1,   7.2,   87.58,   9.6,    8.3,  992.82,   2.7,    3.8,    5.2,   13.9,  10.3,   6,   4.3,    3.150,   0,eor
     3015,20140323,   1,   7.6,   82.54,   8.1,    6.7,  992.70,   2.3,    3.5,    4.8,    8.7,   6.6,   6,   0.9,    0.000,   0,eor
     3015,20140324,   1,   7.8,   93.17,   7.8,    4.4,  996.60,   2.2,    0.3,    1.9,    6.9,   6.6,   6,   5.1,    0.000,   0,eor
     3015,20140325,   1,   7.1,   91.71,   7.2,    3.7,  996.82,   3.0,    0.5,    1.3,    8.7,   9.3,   8,   0.3,    2.000,   0,eor
     3015,20140326,   1,   3.4,   79.00,   6.7,    5.1, 1004.15,   2.9,   -1.6,   -0.9,   10.8,   8.0,   0,   0.0,    8.317,   0,eor
     3015,20140327,   1,   2.3,   70.88,   6.9,    6.9, 1006.18,   3.5,    0.5,    2.1,   12.2,  10.2,   0,   0.0,   10.700,   0,eor
     3015,20140328,   1,   6.1,   90.88,   8.8,    6.5, 1009.13,   2.5,    0.9,    3.4,    9.2,   7.2,   0,   0.0,    0.000,   0,eor
     3015,20140329,   1,   1.1,   83.00,  10.2,   10.2, 1011.21,   2.6,    1.0,    4.0,   16.9,   6.4,   0,   0.0,   10.467,   0,eor
     3015,20140330,   1,   1.3,   56.58,   7.8,   12.9, 1005.30,   2.7,    3.8,    7.1,   19.5,   6.6,   0,   0.0,   11.633,   0,eor
     3015,20140331,   1,   5.5,   64.50,   8.3,   10.8, 1000.89,   2.0,    1.8,    5.8,   16.4,   6.2,   0,   0.0,    5.800,   0,eor
     3015,20140401,   1,   6.0,   76.21,   8.5,    8.7, 1001.23,   2.2,    0.4,    3.4,   14.7,   7.8,   0,   0.0,    8.550,   0,eor
     3015,20140402,   1,   4.0,   64.38,   8.2,   10.8,  998.15,   3.6,    4.0,    4.7,   18.1,   8.1,   0,   0.0,   10.350,   0,eor
     3015,20140403,   1,   4.0,   67.96,  10.1,   13.2,  992.79,   2.5,    4.3,    6.3,   21.6,   8.9,   0,   0.0,    8.983,   0,eor
     3015,20140404,   1,   6.5,   66.96,   8.3,   10.4,  998.80,   3.8,    5.3,    5.4,   15.4,  10.5,   6,   0.0,    7.350,   0,eor
     3015,20140405,   1,   7.5,   70.42,   8.0,    8.9, 1002.48,   3.1,    4.3,    7.0,   12.6,   8.0,   6,   0.0,    2.183,   0,eor
     3015,20140406,   1,   5.3,   70.25,   9.2,   11.3, 1004.58,   2.1,    5.1,    6.3,   17.4,   7.1,   6,   0.4,    7.267,   0,eor
     3015,20140407,   1,   6.9,   79.71,  12.8,   14.1, 1003.30,   2.7,    6.9,    9.1,   19.8,   6.7,   6,   0.7,    4.167,   0,eor
     3015,20140408,   1,   6.5,   68.83,  10.3,   12.8,  998.16,   5.5,    6.5,    7.0,   20.1,  18.5,   6,   0.8,    2.300,   0,eor
     3015,20140409,   1,   6.8,   77.25,   8.3,    8.0, 1003.45,   6.6,    4.5,    4.8,   12.5,  20.5,   6,   2.3,    3.667,   0,eor
     3015,20140410,   1,   7.4,   83.38,   8.3,    7.0, 1006.12,   3.1,    1.6,    4.3,    8.5,  10.3,   6,   0.0,    0.083,   0,eor
     3015,20140411,   1,   7.0,   75.00,   8.3,    8.9, 1006.83,   1.9,    2.4,    4.0,   13.2,   6.2,   6,   0.9,    7.200,   0,eor
     3015,20140412,   1,   6.4,   75.38,   9.4,   10.6, 1004.16,   1.5,    4.7,    6.7,   15.9,   5.6,   6,   0.4,    5.667,   0,eor
